NACA 4412 airfoil data, extrapolated using CCBlade's Viterna extrapolation function
80000.0
0
-3.141592653589793	0.0	0.06499124083915314
-3.0815533273211884	0.0859869367088605	0.06937687793504581
-3.021514001052583	0.1719738734177216	0.08246936471781323
-2.9614746747839784	0.21354962456538226	0.1040763600431378
-2.901435348515373	0.24575249288792503	0.13388038979452532
-2.8413960222467685	0.28114217479925313	0.17144344170897863
-2.7813566959781637	0.3160280254833694	0.2162133051066285
-2.7213173697095585	0.3485103800383101	0.2675315641081659
-2.6612780434409538	0.37740182683536877	0.32464312907921533
-2.6012387171723486	0.4018725021260915	0.3867071688565411
-2.541199390903744	0.42131187610470233	0.45280928610678267
-2.481160064635139	0.4352685462238407	0.5219747602353942
-2.421120738366534	0.4434218268914729	0.5931826668599266
-2.361081412097929	0.445567328344767	0.6653806702097381
-2.301042085829324	0.441608873296838	0.7375002750959332
-2.241002759560719	0.43155317350806366	0.8084723184508426
-2.180963433292114	0.4155054813195822	0.8772424769615329
-2.120924107023509	0.3936652849597284	0.9427865670666792
-2.0608847807549044	0.36632155264597893	1.0041254165545637
-2.0008454544862992	0.33384726860252195	1.060339093149139
-1.9408061282176945	0.2966931427076407	1.1105802847126836
-1.8807668019490895	0.25538046140731663	1.154086637894445
-1.8207274756804845	0.21049310408740415	1.1901918770392141
-1.7606881494118796	0.16266878835220652	1.2183355427222566
-1.7006488231432746	0.11258963607200372	1.2380712091446886
-1.6406094968746698	0.06097217319612047	1.2490730615201577
-1.5805701706060649	0.00855689219792769	1.251140738194261
-1.5205308443374599	-0.06279703792548733	1.2507332483897398
-1.460491518068855	-0.13702472011232344	1.2426243887811943
-1.40045219180025	-0.20939620916042695	1.225702523211909
-1.340412865531645	-0.2788750875324276	1.2002530664698996
-1.2803735392630402	-0.3444692908416954	1.1666838153006878
-1.2203342129944352	-0.4052456183957588	1.1255189267204617
-1.1602948867258303	-0.4603434925916542	1.0773912226401858
-1.1002555604572253	-0.5089877976320492	1.0230329321547516
-1.0402162341886203	-0.550500655530554	0.9632650053419305
-0.9801769079200154	-0.5843120341571617	0.8989851529771119
-0.9201375816514106	-0.6099691323538801	0.8311547849055021
-0.8600982553828056	-0.6271445585043753	0.7607850356596388
-0.8000589291142006	-0.63564342538592	0.6889220790385495
-0.7400196028455958	-0.6354096524297838	0.6166319435866514
-0.6799802765769908	-0.6265320497188234	0.5449850480784404
-0.6199409503083858	-0.6092512660830973	0.47504068012592904
-0.5599016240397809	-0.5839696565251001	0.4078316418220493
-0.49986229777117597	-0.5512681195276379	0.3443492839033963
-0.43982297150257105	-0.5119383680619308	0.28552914429487264
-0.3797836452339661	-0.46704975220728384	0.23223739816800815
-0.31974431896536115	-0.4180983660730445	0.18525831492984635
-0.25970499269675623	-0.3673742717014677	0.14528290302908053
-0.1996656664281513	-0.31900913386681934	0.11289890632998298
-0.13962634015954636	-0.2676	0.0889
-0.13788101090755203	-0.2821	0.088
-0.1361356816555577	-0.271	0.0864
-0.1343903524035634	-0.2635	0.0853
-0.13264502315156904	-0.272	0.0844
-0.1308996938995747	-0.274	0.0831
-0.12915436464758037	-0.2629	0.0819
-0.12740903539558604	-0.2646	0.0808
-0.12566370614359174	-0.2675	0.0793
-0.12391837689159739	-0.2582	0.0783
-0.12217304763960307	-0.2679	0.0767
-0.12042771838760874	-0.2569	0.0756
-0.11868238913561441	-0.2508	0.0746
-0.11693705988362009	-0.2541	0.073
-0.11519173063162574	-0.246	0.072
-0.11344640137963143	-0.2491	0.0703
-0.1117010721276371	-0.2406	0.0693
-0.10995574287564275	-0.24560000000000004	0.05824999999999991
-0.10821041362364843	-0.2506	0.0472
-0.10646508437165408	-0.2435	0.0455
-0.10471975511965977	-0.2371	0.0432
-0.10297442586766545	-0.2322	0.0395
-0.10122909661567112	-0.2241	0.0381
-0.0994837673636768	-0.2157	0.0367
-0.09773843811168245	-0.2063	0.036
-0.09599310885968812	-0.1968	0.0352
-0.09424777960769379	-0.1874	0.0344
-0.09250245035569946	-0.1779	0.0335
-0.09075712110370514	-0.1683	0.0325
-0.08901179185171079	-0.1585	0.0315
-0.08726646259971647	-0.1485	0.0308
-0.08552113334772216	-0.1383	0.0303
-0.08377580409572781	-0.1281	0.0297
-0.08203047484373349	-0.1177	0.0289
-0.08028514559173915	-0.1075	0.0285
-0.07853981633974483	-0.097	0.028
-0.07679448708775051	-0.0865	0.0274
-0.07504915783575616	-0.0761	0.0271
-0.07330382858376185	-0.0654	0.0266
-0.0715584993317675	-0.0551	0.0263
-0.06981317007977318	-0.0444	0.0258
-0.06806784082777885	-0.0339	0.0255
-0.06632251157578452	-0.0234	0.0252
-0.06457718232379019	-0.0128	0.0249
-0.06283185307179587	-0.0021	0.0246
-0.061086523819801536	0.0082	0.0244
-0.059341194567807204	0.0187	0.0241
-0.05759586531581287	0.0292	0.0239
-0.05585053606381855	0.0397	0.0236
-0.054105206811824215	0.0502	0.0234
-0.05235987755982988	0.0608	0.0231
-0.05061454830783556	0.0713	0.0229
-0.048869219055841226	0.0818	0.0227
-0.047123889803846894	0.0924	0.0224
-0.04537856055185257	0.1027	0.0222
-0.04363323129985824	0.113	0.0219
-0.041887902047863905	0.1235	0.0217
-0.04014257279586957	0.1338	0.0214
-0.038397243543875255	0.144	0.0212
-0.03665191429188092	0.1543	0.021
-0.03490658503988659	0.1645	0.0207
-0.03316125578789226	0.1747	0.0205
-0.031415926535897934	0.1845	0.0202
-0.029670597283903602	0.1943	0.0199
-0.027925268031909273	0.2041	0.0197
-0.02617993877991494	0.2133	0.0194
-0.024434609527920613	0.2211	0.019
-0.022689280275926284	0.2261	0.0185
-0.020943951023931952	0.2656	0.0179
-0.019198621771937627	0.276	0.018
-0.017453292519943295	0.2862	0.018
-0.015707963267948967	0.2963	0.018
-0.013962634015954637	0.3064	0.0181
-0.012217304763960306	0.3165	0.0181
-0.010471975511965976	0.3266	0.0182
-0.008726646259971648	0.3367	0.0182
-0.006981317007977318	0.3468	0.0183
-0.005235987755982988	0.3569	0.0183
-0.003490658503988659	0.367	0.0184
-0.0017453292519943296	0.3771	0.0184
0.0	0.3873	0.0185
0.0017453292519943296	0.3974	0.0185
0.003490658503988659	0.4075	0.0186
0.005235987755982988	0.4176	0.0186
0.006981317007977318	0.4278	0.0187
0.008726646259971648	0.4379	0.0188
0.010471975511965976	0.448	0.0188
0.012217304763960306	0.4582	0.0189
0.013962634015954637	0.4683	0.019
0.015707963267948967	0.4784	0.019
0.017453292519943295	0.4885	0.0191
0.019198621771937627	0.4986	0.0192
0.020943951023931952	0.5087	0.0193
0.022689280275926284	0.5188	0.0193
0.024434609527920613	0.5289	0.0194
0.02617993877991494	0.539	0.0195
0.027925268031909273	0.549	0.0196
0.029670597283903602	0.559	0.0196
0.031415926535897934	0.5691	0.0197
0.03316125578789226	0.5791	0.0198
0.03490658503988659	0.5891	0.0199
0.03665191429188092	0.5991	0.02
0.038397243543875255	0.609	0.0201
0.04014257279586957	0.619	0.0202
0.041887902047863905	0.6289	0.0203
0.04363323129985824	0.6388	0.0204
0.04537856055185257	0.6487	0.0204
0.047123889803846894	0.6585	0.0205
0.048869219055841226	0.6684	0.0206
0.05061454830783556	0.6782	0.0207
0.05235987755982988	0.688	0.0208
0.054105206811824215	0.6978	0.0209
0.05585053606381855	0.7075	0.021
0.05759586531581287	0.7172	0.0212
0.059341194567807204	0.7269	0.0213
0.061086523819801536	0.7366	0.0214
0.06283185307179587	0.7462	0.0215
0.06457718232379019	0.7558	0.0216
0.06632251157578452	0.7653	0.0217
0.06806784082777885	0.7749	0.0218
0.06981317007977318	0.7844	0.022
0.0715584993317675	0.7938	0.0221
0.07330382858376185	0.8032	0.0222
0.07504915783575616	0.8126	0.0223
0.07679448708775051	0.822	0.0224
0.07853981633974483	0.8313	0.0226
0.08028514559173915	0.8405	0.0227
0.08203047484373349	0.8498	0.0228
0.08377580409572781	0.8589	0.023
0.08552113334772216	0.8681	0.0231
0.08726646259971647	0.8771	0.0233
0.08901179185171079	0.8862	0.0234
0.09075712110370514	0.8951	0.0235
0.09250245035569946	0.9041	0.0237
0.09424777960769379	0.9129	0.0238
0.09599310885968812	0.9217	0.024
0.09773843811168245	0.9305	0.0242
0.0994837673636768	0.9392	0.0243
0.10122909661567112	0.9478	0.0245
0.10297442586766545	0.9564	0.0246
0.10471975511965977	0.9649	0.0248
0.10646508437165408	0.9733	0.025
0.10821041362364843	0.9816	0.0251
0.10995574287564275	0.9899	0.0253
0.1117010721276371	0.9981	0.0255
0.11344640137963143	1.0062	0.0257
0.11519173063162574	1.0143	0.0259
0.11693705988362009	1.0221	0.0261
0.11868238913561441	1.0297	0.0263
0.12042771838760874	1.0372	0.0265
0.12217304763960307	1.0445	0.0267
0.12391837689159739	1.0518	0.0269
0.12566370614359174	1.059	0.0271
0.12740903539558604	1.0662	0.0273
0.12915436464758037	1.0733	0.0275
0.1308996938995747	1.0804	0.0277
0.13264502315156904	1.0874	0.028
0.1343903524035634	1.0943	0.0282
0.1361356816555577	1.1012	0.0285
0.13788101090755203	1.1079	0.0287
0.13962634015954636	1.1146	0.029
0.14137166941154067	1.1212	0.0292
0.143116998663535	1.1277	0.0295
0.14486232791552936	1.1341	0.0298
0.1466076571675237	1.1405	0.0301
0.14835298641951802	1.1467	0.0304
0.15009831567151233	1.1528	0.0307
0.15184364492350666	1.1588	0.031
0.15358897417550102	1.1647	0.0314
0.15533430342749532	1.1704	0.0317
0.15707963267948966	1.1761	0.032
0.158824961931484	1.1817	0.0324
0.1605702911834783	1.1871	0.0328
0.16231562043547265	1.1924	0.0331
0.16406094968746698	1.1975	0.0335
0.1658062789394613	1.2026	0.034
0.16755160819145562	1.2074	0.0344
0.16929693744344995	1.2122	0.0348
0.1710422666954443	1.2168	0.0353
0.17278759594743864	1.2212	0.0357
0.17453292519943295	1.2255	0.0362
0.17627825445142728	1.2296	0.0367
0.17802358370342158	1.2335	0.0373
0.17976891295541597	1.2372	0.0378
0.18151424220741028	1.2407	0.0384
0.1832595714594046	1.244	0.039
0.1850049007113989	1.2471	0.0396
0.18675022996339324	1.2499	0.0403
0.18849555921538758	1.2525	0.041
0.19024088846738194	1.2548	0.0417
0.19198621771937624	1.2569	0.0424
0.19373154697137057	1.2587	0.0432
0.1954768762233649	1.2602	0.044
0.19722220547535924	1.2614	0.0449
0.1989675347273536	1.2626	0.0457
0.20071286397934787	1.2636	0.0466
0.20245819323134223	1.2645	0.0476
0.20420352248333654	1.2655	0.0485
0.2059488517353309	1.2667	0.0493
0.2076941809873252	1.2684	0.0502
0.20943951023931953	1.2709	0.051
0.2111848394913139	1.2744	0.0516
0.21293016874330817	1.2796	0.0521
0.21467549799530256	1.2869	0.0525
0.21642082724729686	1.2974	0.0527
0.2181661564992912	1.3125	0.0526
0.2199114857512855	1.3344	0.0524
0.22165681500327983	1.3653	0.0522
0.2234021442552742	1.4031	0.0526
0.22514747350726852	1.4381	0.0539
0.22689280275926285	1.4612	0.0555
0.22863813201125716	1.4719	0.0568
0.2303834612632515	1.491	0.0578
0.23212879051524585	1.4843	0.0589
0.23387411976724018	1.4787	0.06
0.23561944901923448	1.4744	0.0612
0.23736477827122882	1.4724	0.0624
0.23911010752322312	1.4797	0.0633
0.24085543677521748	1.4936	0.0644
0.24260076602721178	1.485	0.0657
0.24434609527920614	1.4766	0.0671
0.24609142453120048	1.4684	0.0685
0.24783675378319478	1.4603	0.07
0.24958208303518914	1.4525	0.0716
0.25132741228718347	1.4448	0.0731
0.2530727415391778	1.4374	0.0748
0.2548180707911721	1.4305	0.0764
0.2565634000431664	1.4245	0.078
0.25830872929516074	1.453	0.0782
0.26005405854715513	1.442	0.08
0.2617993877991494	1.4309	0.0819
0.26354471705114374	1.4198	0.0839
0.26529004630313807	1.4085	0.0859
0.2670353755551324	1.3971	0.0881
0.2687807048071268	1.3856	0.0903
0.27052603405912107	1.3741	0.0927
0.2722713633111154	1.3625	0.0951
0.2740166925631097	1.3509	0.0976
0.27576202181510406	1.3393	0.1002
0.2775073510670984	1.3277	0.1029
0.2792526803190927	1.3163	0.1057
0.28099800957108706	1.3051	0.1086
0.28274333882308134	1.2570000000000014	0.11774999999999972
0.2844886680750757	1.2089	0.1269
0.28623399732707	1.0740333333333376	0.14436666666666612
0.2879793265790644	0.9391666666666667	0.16183333333333333
0.2897246558310587	0.8043	0.1793
0.291469985083053	0.7992	0.1812
0.2932153143350474	0.7946	0.1831
0.29496064358704166	0.7905	0.1849
0.29670597283903605	0.7866	0.1866
0.2984513020910304	0.7831	0.1883
0.30019663134302466	0.7798	0.19
0.301941960595019	0.7767	0.1916
0.3036872898470133	0.7737	0.1932
0.30543261909900765	0.771	0.1947
0.30717794835100204	0.7686	0.1962
0.3089232776029963	0.7664	0.1977
0.31066860685499065	0.7643	0.1992
0.312413936106985	0.7625	0.2007
0.3141592653589793	0.7608	0.2021
0.31590459461097364	0.7593	0.2035
0.317649923862968	0.7579	0.2049
0.3193952531149623	0.7566	0.2063
0.3211405823669566	0.7555	0.2077
0.32288591161895097	0.7544	0.2091
0.3246312408709453	0.7535	0.2104
0.32637657012293964	0.7526	0.2118
0.32812189937493397	0.7519	0.2131
0.32986722862692824	0.7512	0.2145
0.3316125578789226	0.7506	0.2158
0.33335788713091696	0.7501	0.2171
0.33510321638291124	0.7496	0.2184
0.3368485456349056	0.7492	0.2198
0.3385938748868999	0.7489	0.2211
0.34033920413889424	0.7486	0.2224
0.3420845333908886	0.7484	0.2237
0.3438298626428829	0.7482	0.225
0.3455751918948773	0.7481	0.2263
0.34732052114687156	0.7481	0.2276
0.3490658503988659	0.748	0.2288
0.40491638646268446	1.1058231593618784	0.18768832608135363
0.460766922526503	1.047509835271706	0.2410156725434229
0.5166174585903215	1.0031739120453989	0.299074700965235
0.5724679946541401	0.966615254690808	0.3611434593353429
0.6283185307179586	0.9337671084540764	0.4264501940717662
0.6841690667817771	0.9018639354135944	0.4941829634161413
0.7400196028455958	0.8689872344576965	0.5634997512081485
0.7958701389094143	0.8338030866051985	0.6335389550004498
0.8517206749732328	0.7954028667931973	0.7034301178101307
0.9075712110370513	0.7532021607105608	0.7723047697674377
0.9634217471008699	0.70687378442955	0.8393072445542837
1.0192722831646883	0.6563013848284167	0.9036053358406013
1.075122819228507	0.6015457397357317	0.9644006609222121
1.1309733552923256	0.5428190173769725	1.0209386024145812
1.186823891356144	0.48046407146964293	1.0725177041171348
1.2426744274199626	0.41493693596186176	1.118498403967163
1.2985249634837812	0.34679135528993593	1.1583109952658701
1.3543754995475996	0.2766646133572629	1.191462716978947
1.4102260356114182	0.20526420387136574	1.2175438847701099
1.4660765716752369	0.1333550724504113	1.236232986383148
1.5219271077390553	0.06174729068932699	1.2473006778970992
1.5777776438028739	-0.006121896693696061	1.2505154630098727
1.6336281798666925	-0.05570272832606837	1.2452572519502132
1.689478715930511	-0.10593548336069931	1.2322678654634351
1.7453292519943295	-0.15623492095838024	1.2117055883424994
1.8011797880581482	-0.2060410939543096	1.1838231191284199
1.8570303241219666	-0.25482777479156404	1.1489644316394745
1.9128808601857852	-0.30211115398007543	1.107560498720778
1.9687313962496036	-0.3474588584921469	1.0601239314794875
2.0245819323134224	-0.39049940777306935	1.0072426007889241
2.0804324683772406	-0.4309323244057347	0.9495723205306482
2.1362830044410592	-0.4685392612714109	0.8878286837387724
2.192133540504878	-0.5031967240129585	0.8227781533700064
2.2479840765686965	-0.5348913016813286	0.7552285187141821
2.303834612632515	-0.5637388474642566	0.6860188363677805
2.3596851486963333	-0.5900099143121217	0.616008981118504
2.415535684760152	-0.6141652036263741	0.546068936952224
2.4713862208239705	-0.6369073206937768	0.47706796163403503
2.527236756887789	-0.659259731769433	0.409863759892236
2.5830872929516078	-0.682692550151835	0.34529180012826066
2.6389378290154264	-0.7093322324196013	0.2841549077880982
2.6947883650792446	-0.7423293430074114	0.22721326508395265
2.750638901143063	-0.7865432788580768	0.17517494169167722
2.806489437206882	-0.8499146640970376	0.1286870744330351
2.8623399732707004	-0.9464891977072815	0.0883278058644987
2.918190509334519	-0.9697576811594196	0.054599082236962075
2.9740410453983377	-0.7273182608695643	0.027920400581213815
3.029891581462156	-0.48487884057971076	0.00862358284583074
3.0857421175259745	-0.24243942028985538	0.0001
3.141592653589793	0.0	0.0001
