NACA 4412 airfoil data, extrapolated using CCBlade's Viterna extrapolation function
60000.0
0
-3.141592653589793	0.0	0.06930632573267745
-3.0815533273211884	0.08372430769230743	0.07368418782663398
-3.021514001052583	0.1674486153846155	0.08675337762188534
-2.9614746747839784	0.20817512798423612	0.10832163792802335
-2.901435348515373	0.2418069685753639	0.1380716342155406
-2.8413960222467685	0.27807239501585734	0.1755655489384834
-2.7813566959781637	0.31355666422942574	0.2202514205623926
-2.7213173697095585	0.3464782237081053	0.27147113588390637
-2.6612780434409538	0.37570860545563284	0.3284699603843985
-2.6012387171723486	0.40045059441438785	0.39040746917647673
-2.541199390903744	0.42011316428486645	0.45636972089864636
-2.481160064635139	0.4342572481752325	0.5253824989810927
-2.421120738366534	0.4425703170823508	0.59642542930264
-2.361081412097929	0.4448535681755167	0.6684467706075204
-2.301042085829324	0.4410147611181595	0.7403786643328957
-2.241002759560719	0.43106344640294353	0.8111526238541676
-2.180963433292114	0.4151069616407744	0.879715039680832
-2.120924107023509	0.3933463497881031	0.945042476880993
-2.0608847807549044	0.3660717516418743	1.0061565439815727
-2.0008454544862992	0.33365704309631733	1.0621381187408756
-1.9408061282176945	0.29655361528341184	1.112140725432172
-1.8807668019490895	0.2552832753701604	1.1554028704782202
-1.8207274756804845	0.21043029863064688	1.1912591582615273
-1.7606881494118796	0.16263269940023203	1.2191500264879445
-1.7006488231432746	0.11257281550833613	1.2386299603491067
-1.6406094968746698	0.06096732099565917	1.2493740666262365
-1.5805701706060649	0.008556797170671052	1.2511829124885636
-1.5205308443374599	-0.06279344593447356	1.2509500568881027
-1.460491518068855	-0.13700739457599814	1.2430993987728807
-1.40045219180025	-0.2093547716373333	1.2264340229328647
-1.340412865531645	-0.2787989766714238	1.201238419859937
-1.2803735392630402	-0.3443476700436609	1.1679194715028929
-1.2203342129944352	-0.40506726718941827	1.1270004328771956
-1.1602948867258303	-0.46009667452798025	1.079113239939573
-1.1002555604572253	-0.508660095243533	1.0249892550698247
-1.0402162341886203	-0.5500787594880138	0.965448583993103
-0.9801769079200154	-0.5837814685804155	0.9013881185373921
-0.9201375816514106	-0.609313890281431	0.8337684779568972
-0.8600982553828056	-0.626346609076094	0.7636000373985627
-0.8000589291142006	-0.634682034316753	0.6919282452177807
-0.7400196028455958	-0.6342604243689342	0.6198184410715285
-0.6799802765769908	-0.6251655447705476	0.548340393885557
-0.6199409503083858	-0.6076309427811436	0.47855278280364966
-0.5599016240397809	-0.5820487077682626	0.4114878450237235
-0.49986229777117597	-0.5489844036539396	0.3481364119962505
-0.43982297150257105	-0.5092058750127973	0.28943354984022085
-0.3797836452339661	-0.4637433184909028	0.2362450111016809
-0.31974431896536115	-0.41402403283707867	0.18935469326560808
-0.25970499269675623	-0.36220537223407967	0.14945328490232024
-0.1996656664281513	-0.3121262807888289	0.11712826319413017
-0.13962634015954636	-0.2652	0.0934
-0.13788101090755203	-0.2613	0.0923
-0.1361356816555577	-0.2712	0.0917
-0.1343903524035634	-0.257	0.0899
-0.13264502315156904	-0.264	0.0893
-0.1308996938995747	-0.2573	0.0878
-0.12915436464758037	-0.2537	0.0867
-0.12740903539558604	-0.2607	0.0859
-0.12566370614359174	-0.2493	0.0845
-0.12391837689159739	-0.2631	0.084
-0.12217304763960307	-0.247	0.0823
-0.12042771838760874	-0.2582	0.0817
-0.11868238913561441	-0.2451	0.0802
-0.11693705988362009	-0.252	0.0793
-0.11519173063162574	-0.2411	0.078
-0.11344640137963143	-0.2448	0.077
-0.1117010721276371	-0.2374	0.0759
-0.10995574287564275	-0.2361	0.0747
-0.10821041362364843	-0.2369	0.06937500000000002
-0.10646508437165408	-0.23770000000000002	0.06404999999999995
-0.10471975511965977	-0.23850000000000002	0.058724999999999986
-0.10297442586766545	-0.2393	0.0534
-0.10122909661567112	-0.2335	0.0497
-0.0994837673636768	-0.2257	0.0483
-0.09773843811168245	-0.2181	0.0466
-0.09599310885968812	-0.2104	0.0448
-0.09424777960769379	-0.2024	0.0431
-0.09250245035569946	-0.194	0.0415
-0.09075712110370514	-0.1852	0.0402
-0.08901179185171079	-0.1762	0.039
-0.08726646259971647	-0.167	0.0378
-0.08552113334772216	-0.1575	0.0366
-0.08377580409572781	-0.1478	0.0354
-0.08203047484373349	-0.1382	0.0349
-0.08028514559173915	-0.1283	0.0342
-0.07853981633974483	-0.1179	0.0331
-0.07679448708775051	-0.1081	0.0327
-0.07504915783575616	-0.0977	0.032
-0.07330382858376185	-0.0876	0.0314
-0.0715584993317675	-0.0771	0.0308
-0.06981317007977318	-0.067	0.0304
-0.06806784082777885	-0.0564	0.0298
-0.06632251157578452	-0.0461	0.0294
-0.06457718232379019	-0.0359	0.029
-0.06283185307179587	-0.0254	0.0286
-0.061086523819801536	-0.0149	0.0282
-0.059341194567807204	-0.0044	0.0278
-0.05759586531581287	0.006	0.0274
-0.05585053606381855	0.0163	0.0271
-0.054105206811824215	0.0267	0.0267
-0.05235987755982988	0.0372	0.0264
-0.05061454830783556	0.0474	0.0261
-0.048869219055841226	0.0577	0.0257
-0.047123889803846894	0.068	0.0254
-0.04537856055185257	0.0786	0.0251
-0.04363323129985824	0.0888	0.0248
-0.041887902047863905	0.0994	0.0245
-0.04014257279586957	0.1094	0.0242
-0.038397243543875255	0.1195	0.0238
-0.03665191429188092	0.1296	0.0235
-0.03490658503988659	0.1398	0.0232
-0.03316125578789226	0.1502	0.0229
-0.031415926535897934	0.1601	0.0226
-0.029670597283903602	0.1696	0.0223
-0.027925268031909273	0.1785	0.0219
-0.02617993877991494	0.1862	0.0215
-0.024434609527920613	0.1915	0.021
-0.022689280275926284	0.1962	0.0204
-0.020943951023931952	0.2407	0.0202
-0.019198621771937627	0.2512	0.0202
-0.017453292519943295	0.2614	0.0203
-0.015707963267948967	0.2716	0.0203
-0.013962634015954637	0.2817	0.0203
-0.012217304763960306	0.2917	0.0204
-0.010471975511965976	0.3018	0.0204
-0.008726646259971648	0.3118	0.0205
-0.006981317007977318	0.3218	0.0206
-0.005235987755982988	0.3318	0.0206
-0.003490658503988659	0.3418	0.0207
-0.0017453292519943296	0.3518	0.0207
0.0	0.3618	0.0208
0.0017453292519943296	0.3718	0.0209
0.003490658503988659	0.3818	0.0209
0.005235987755982988	0.3918	0.021
0.006981317007977318	0.4018	0.0211
0.008726646259971648	0.4118	0.0211
0.010471975511965976	0.4218	0.0212
0.012217304763960306	0.4318	0.0213
0.013962634015954637	0.4417	0.0214
0.015707963267948967	0.4517	0.0214
0.017453292519943295	0.4616	0.0215
0.019198621771937627	0.4715	0.0216
0.020943951023931952	0.4814	0.0217
0.022689280275926284	0.4913	0.0218
0.024434609527920613	0.5012	0.0219
0.02617993877991494	0.5111	0.022
0.027925268031909273	0.521	0.022
0.029670597283903602	0.5308	0.0221
0.031415926535897934	0.5406	0.0222
0.03316125578789226	0.5504	0.0223
0.03490658503988659	0.5602	0.0224
0.03665191429188092	0.57	0.0225
0.038397243543875255	0.5797	0.0226
0.04014257279586957	0.5895	0.0227
0.041887902047863905	0.5992	0.0228
0.04363323129985824	0.6088	0.023
0.04537856055185257	0.6185	0.0231
0.047123889803846894	0.6281	0.0232
0.048869219055841226	0.6377	0.0233
0.05061454830783556	0.6473	0.0234
0.05235987755982988	0.6568	0.0235
0.054105206811824215	0.6663	0.0236
0.05585053606381855	0.6758	0.0238
0.05759586531581287	0.6852	0.0239
0.059341194567807204	0.6947	0.024
0.061086523819801536	0.704	0.0241
0.06283185307179587	0.7134	0.0243
0.06457718232379019	0.7227	0.0244
0.06632251157578452	0.7319	0.0245
0.06806784082777885	0.7411	0.0247
0.06981317007977318	0.7503	0.0248
0.0715584993317675	0.7595	0.025
0.07330382858376185	0.7686	0.0251
0.07504915783575616	0.7776	0.0253
0.07679448708775051	0.7866	0.0254
0.07853981633974483	0.7955	0.0256
0.08028514559173915	0.8044	0.0257
0.08203047484373349	0.8133	0.0259
0.08377580409572781	0.8221	0.026
0.08552113334772216	0.8308	0.0262
0.08726646259971647	0.8395	0.0264
0.08901179185171079	0.8481	0.0265
0.09075712110370514	0.8566	0.0267
0.09250245035569946	0.8651	0.0269
0.09424777960769379	0.8735	0.0271
0.09599310885968812	0.8819	0.0273
0.09773843811168245	0.8902	0.0274
0.0994837673636768	0.8983	0.0276
0.10122909661567112	0.9063	0.0278
0.10297442586766545	0.9141	0.028
0.10471975511965977	0.9217	0.0282
0.10646508437165408	0.9293	0.0284
0.10821041362364843	0.9369	0.0286
0.10995574287564275	0.9444	0.0289
0.1117010721276371	0.9518	0.0291
0.11344640137963143	0.9592	0.0293
0.11519173063162574	0.9666	0.0295
0.11693705988362009	0.9739	0.0298
0.11868238913561441	0.9811	0.03
0.12042771838760874	0.9882	0.0303
0.12217304763960307	0.9953	0.0305
0.12391837689159739	1.0023	0.0308
0.12566370614359174	1.0092	0.0311
0.12740903539558604	1.016	0.0314
0.12915436464758037	1.0228	0.0316
0.1308996938995747	1.0295	0.0319
0.13264502315156904	1.036	0.0322
0.1343903524035634	1.0425	0.0326
0.1361356816555577	1.0489	0.0329
0.13788101090755203	1.0552	0.0332
0.13962634015954636	1.0614	0.0335
0.14137166941154067	1.0675	0.0339
0.143116998663535	1.0735	0.0342
0.14486232791552936	1.0794	0.0346
0.1466076571675237	1.0852	0.035
0.14835298641951802	1.0909	0.0354
0.15009831567151233	1.0964	0.0358
0.15184364492350666	1.1019	0.0362
0.15358897417550102	1.1072	0.0366
0.15533430342749532	1.1124	0.037
0.15707963267948966	1.1175	0.0375
0.158824961931484	1.1225	0.0379
0.1605702911834783	1.1274	0.0384
0.16231562043547265	1.1321	0.0389
0.16406094968746698	1.1367	0.0394
0.1658062789394613	1.1412	0.0399
0.16755160819145562	1.1456	0.0405
0.16929693744344995	1.1498	0.041
0.1710422666954443	1.1539	0.0416
0.17278759594743864	1.1578	0.0422
0.17453292519943295	1.1616	0.0428
0.17627825445142728	1.1652	0.0434
0.17802358370342158	1.1687	0.0441
0.17976891295541597	1.1721	0.0448
0.18151424220741028	1.1753	0.0454
0.1832595714594046	1.1783	0.0462
0.1850049007113989	1.1812	0.0469
0.18675022996339324	1.184	0.0477
0.18849555921538758	1.1865	0.0484
0.19024088846738194	1.1889	0.0493
0.19198621771937624	1.1912	0.0501
0.19373154697137057	1.1932	0.0509
0.1954768762233649	1.1952	0.0518
0.19722220547535924	1.1969	0.0527
0.1989675347273536	1.1985	0.0537
0.20071286397934787	1.1999	0.0546
0.20245819323134223	1.2012	0.0556
0.20420352248333654	1.2023	0.0566
0.2059488517353309	1.2034	0.0576
0.2076941809873252	1.2044	0.0586
0.20943951023931953	1.2054	0.0597
0.2111848394913139	1.2063	0.0607
0.21293016874330817	1.2074	0.0617
0.21467549799530256	1.2087	0.0627
0.21642082724729686	1.2102	0.0637
0.2181661564992912	1.2123	0.0645
0.2199114857512855	1.215	0.0653
0.22165681500327983	1.2187	0.066
0.2234021442552742	1.2237	0.0665
0.22514747350726852	1.2306	0.0668
0.22689280275926285	1.2406	0.0668
0.22863813201125716	1.2558	0.0664
0.2303834612632515	1.2761	0.0657
0.23212879051524585	1.3029	0.0648
0.23387411976724018	1.3339	0.0644
0.23561944901923448	1.3623	0.0647
0.23736477827122882	1.3824	0.0658
0.23911010752322312	1.394	0.0672
0.24085543677521748	1.4003	0.0688
0.24260076602721178	1.4028	0.0705
0.24434609527920614	1.4025	0.0722
0.24609142453120048	1.3999	0.0741
0.24783675378319478	1.3954	0.0759
0.24958208303518914	1.3893	0.0779
0.25132741228718347	1.3819	0.0799
0.2530727415391778	1.3733	0.082
0.2548180707911721	1.3637	0.0841
0.2565634000431664	1.3531	0.0864
0.25830872929516074	1.3416	0.0888
0.26005405854715513	1.3292	0.0913
0.2617993877991494	1.3159	0.094
0.26354471705114374	1.3017	0.0968
0.26529004630313807	1.2864	0.0999
0.2670353755551324	1.2698	0.1033
0.2687807048071268	1.2517	0.107
0.27052603405912107	1.2314	0.1113
0.2722713633111154	1.2077	0.1164
0.2740166925631097	1.1773	0.1233
0.27576202181510406	1.1301	0.1348
0.2775073510670984	1.0795	0.1503
0.2792526803190927	1.0621	0.158
0.28099800957108706	1.0534	0.163
0.28274333882308134	1.0477	0.1671
0.2844886680750757	1.0436	0.1707
0.28623399732707	1.0404	0.1739
0.2879793265790644	1.0382	0.177
0.2897246558310587	1.0365	0.1798
0.291469985083053	1.0352	0.1825
0.2932153143350474	1.0345	0.1851
0.29496064358704166	1.034	0.1876
0.29670597283903605	1.0338	0.19
0.2984513020910304	1.0338	0.1923
0.30019663134302466	1.0341	0.1945
0.301941960595019	1.0345	0.1967
0.3036872898470133	1.0351	0.1988
0.30543261909900765	1.0359	0.2009
0.30717794835100204	1.0368	0.2029
0.3089232776029963	1.0377	0.2049
0.31066860685499065	1.0388	0.2068
0.312413936106985	1.0399	0.2087
0.3141592653589793	1.0411	0.2105
0.31590459461097364	1.0424	0.2123
0.317649923862968	1.0438	0.214
0.3193952531149623	1.0454	0.2158
0.3211405823669566	1.047	0.2175
0.32288591161895097	1.0487	0.2191
0.3246312408709453	1.0505	0.2208
0.32637657012293964	1.0523	0.2224
0.32812189937493397	1.0543	0.2241
0.32986722862692824	1.0563	0.2257
0.3316125578789226	1.0584	0.2272
0.33335788713091696	1.0605	0.2288
0.33510321638291124	1.0627	0.2304
0.3368485456349056	1.0649	0.2319
0.3385938748868999	1.0672	0.2334
0.34033920413889424	1.0695	0.2349
0.3420845333908886	1.0719	0.2364
0.3438298626428829	1.0743	0.2379
0.3455751918948773	1.0767	0.2393
0.34732052114687156	1.0792	0.2408
0.3490658503988659	1.0817	0.2422
0.40491638646268446	1.0603294828098129	0.19250071645226585
0.460766922526503	1.0092311489813763	0.245705422209214
0.5166174585903215	0.9707038916392895	0.30362718507459197
0.5724679946541401	0.9389456383800108	0.3655444810956973
0.6283185307179586	0.9101448783016843	0.43068602902158876
0.6841690667817771	0.8817068253705519	0.4982404022242861
0.7400196028455958	0.8518311543011015	0.5673661408667773
0.7958701389094143	0.8192680240730237	0.6372022382830782
0.8517206749732328	0.783169997687176	0.7068788708717473
0.9075712110370513	0.7429980278186581	0.77552823776944
0.9634217471008699	0.69845908499073	0.8422953752031379
1.0192722831646883	0.6494628490611725	0.906348810735634
1.075122819228507	0.5960901337895325	0.966890924614779
1.1309733552923256	0.5385686371151017	1.023167889087991
1.186823891356144	0.47725330095293717	1.0744790618041276
1.2426744274199626	0.41260957712610535	1.120185716229424
1.2985249634837812	0.3451985220029141	1.159719000267968
1.3543754995475996	0.27566304077309617	1.1925870238972196
1.4102260356114182	0.20471486299362085	1.2183809874853222
1.4660765716752369	0.13312200636867505	1.2367802744142264
1.5219271077390553	0.06169660701014218	1.247556444541842
1.5777776438028739	-0.006121172923695017	1.2505520153524927
1.6336281798666925	-0.05564406477977622	1.2455860092927524
1.689478715930511	-0.10572582089656893	1.2328878025854455
1.7453292519943295	-0.1557802352185909	1.21261477198765
1.8011797880581482	-0.20524574718750466	1.185018714033301
1.8570303241219666	-0.2535937869964982	1.1504427093752876
1.9128808601857852	-0.3003373541866367	1.1093168493203336
1.9687313962496036	-0.34503986763354944	1.0621528778132576
2.0245819323134224	-0.38732439067208124	1.009537815645316
2.0804324683772406	-0.42688342794316114	0.9521266463472338
2.1362830044410592	-0.46348962572717783	0.8906341549229433
2.192133540504878	-0.49700790990227883	0.825826021139449
2.2479840765686965	-0.5274099070456391	0.7585092783797072
2.303834612632515	-0.5547919869841044	0.6895222569734263
2.3596851486963333	-0.5793990685634112	0.6197241373464828
2.415535684760152	-0.6016576831976665	0.5499842431932154
2.4713862208239705	-0.6222241503483238	0.48117120811657993
2.527236756887789	-0.6420580004673211	0.4141421507585631
2.5830872929516078	-0.6625389057275098	0.34973199333780536
2.6389378290154264	-0.6856616174153163	0.288743056724278
2.6947883650792446	-0.7143779034354146	0.23193506173444814
2.750638901143063	-0.7532333102556162	0.18001566126756272
2.806489437206882	-0.8096436351481747	0.1336316212876152
2.8623399732707004	-0.8967077489276473	0.09336076056865433
2.918190509334519	-0.904250935251798	0.05970474966420287
2.9740410453983377	-0.6781882014388481	0.03308285885248487
3.029891581462156	-0.45212546762589995	0.013826732981440864
3.0857421175259745	-0.22606273381294997	0.002176258338529852
3.141592653589793	0.0	9.999999999999983e-5
