Wortmann FX 63-137 airfoil data
20000.0
0
-3.141592653589793	0.0	0.04867657214339784
-3.0815533273211884	0.023089569388475898	0.05322986259744468
-3.021514001052583	0.08816100167467504	0.06653526193384807
-2.9614746747839784	0.1439041695143209	0.08839475444690585
-2.901435348515373	0.19457031297979852	0.11848600735114737
-2.8413960222467685	0.2412210694072956	0.15636705666704553
-2.7813566959781637	0.28376363790656056	0.20148270288624437
-2.7213173697095585	0.321836705081845	0.25317252448586486
-2.6612780434409538	0.3550215855811634	0.3106803944511103
-2.6012387171723486	0.38291555083533463	0.3731653636915948
-2.541199390903744	0.4051643903556534	0.4397137558983333
-2.481160064635139	0.4214796742776708	0.5093523012566349
-2.421120738366534	0.43164900351675206	0.5810621217454711
-2.361081412097929	0.43554236624170745	0.6537933687221669
-2.301042085829324	0.43311590811662204	0.7264803042809462
-2.241002759560719	0.42441371626910224	0.7980566116138307
-2.180963433292114	0.40956791966850964	0.8674707163800803
-2.120924107023509	0.38879727908091666	0.9337009009504569
-2.0608847807549044	0.36240438425235555	0.9957699963366707
-2.0008454544862992	0.33077155505343603	1.0527594426025193
-1.9408061282176945	0.29435553920547697	1.1038225174970608
-1.8807668019490895	0.25368110333568306	1.1481965448256244
-1.8207274756804845	0.2093336220969358	1.1852139085157865
-1.7606881494118796	0.16195077956163376	1.2143117152395384
-1.7006488231432746	0.11221350669404351	1.2350399675818833
-1.6406094968746698	0.060836287592200174	1.2470681308310358
-1.5805701706060649	0.005491366172339848	1.2509864525457786
-1.5205308443374599	-0.06266016807192223	1.2492164984706937
-1.460491518068855	-0.1366505275325621	1.240242262184223
-1.40045219180025	-0.20867945669260074	1.2224728667275913
-1.340412865531645	-0.2777107613042524	1.1961913579145613
-1.2803735392630402	-0.3427503152659452	1.1618025777722762
-1.2203342129944352	-0.40286025829848726	1.1198273220149746
-1.1602948867258303	-0.4571406400519555	1.0708650849486667
-1.1002555604572253	-0.5046281540041005	1.0155348431168643
-1.0402162341886203	-0.544800551735761	0.9548544286183085
-0.9801769079200154	-0.577079650102818	0.8897250447441976
-0.9201375816514106	-0.6009995263267998	0.8211102431529637
-0.8600982553828056	-0.6162128326446341	0.7500220267453023
-0.8000589291142006	-0.6224952900837775	0.6775062725794413
-0.7400196028455958	-0.6197482283859961	0.6046276827754062
-0.6799802765769908	-0.6079990178019351	0.5324544779218638
-0.6199409503083858	-0.5873991765243445	0.4620430510273059
-0.5599016240397809	-0.5582197893235967	0.39442280050098777
-0.49986229777117597	-0.5208435313987161	0.33058135800362426
-0.43982297150257105	-0.47575178343829616	0.2714504213121621
-0.3797836452339661	-0.4235032801888001	0.2178923936785977
-0.31974431896536115	-0.36469500145092454	0.1706880196530231
-0.25970499269675623	-0.2998773647977184	0.130525193148962
-0.1996656664281513	-0.22932048620201814	0.0979890968553131
-0.13962634015954636	-0.15209744490474486	0.07355381317933028
-0.13788101090755203	-0.14973700615503666	0.07296996814797205
-0.1361356816555577	-0.14737656740532842	0.07238612311661383
-0.1343903524035634	-0.14501612865562025	0.07180227808525562
-0.13264502315156904	-0.14265568990591201	0.07121843305389738
-0.1308996938995747	-0.14029525115620378	0.07063458802253916
-0.12915436464758037	-0.13793481240649558	0.07005074299118094
-0.12740903539558604	-0.13557437365678737	0.06946689795982272
-0.12566370614359174	-0.1332139349070792	0.0688830529284645
-0.12391837689159739	-0.13085349615737096	0.06829920789710628
-0.12217304763960307	-0.12849305740766276	0.06771536286574806
-0.12042771838760874	-0.12613261865795455	0.06713151783438984
-0.11868238913561441	-0.12377217990824635	0.06654767280303162
-0.11693705988362009	-0.12141174115853816	0.0659638277716734
-0.11519173063162574	-0.11905130240882993	0.06537998274031517
-0.11344640137963143	-0.11669086365912174	0.06479613770895695
-0.1117010721276371	-0.11433042490941352	0.06421229267759873
-0.10995574287564275	-0.11196998615970528	0.0636284476462405
-0.10821041362364843	-0.1096095474099971	0.06304460261488228
-0.10646508437165408	-0.10688337582032716	0.06258486786781736
-0.10471975511965977	-0.10376099365403212	0.06225958592873687
-0.10297442586766545	-0.10063861148773708	0.061934303989656374
-0.10122909661567112	-0.09751622932144201	0.061609022050575876
-0.0994837673636768	-0.09439384715514697	0.061283740111495386
-0.09773843811168245	-0.09127146498885187	0.06095845817241489
-0.09599310885968812	-0.0881490828225568	0.06063317623333439
-0.09424777960769379	-0.08502670065626174	0.06030789429425389
-0.09250245035569946	-0.08190431848996668	0.059982612355173395
-0.09075712110370514	-0.07878193632367163	0.059657330416092905
-0.08901179185171079	-0.07565955415737655	0.0593320484770124
-0.08726646259971647	-0.0725371719910815	0.05900676653793191
-0.08552113334772216	-0.06941478982478647	0.05868148459885142
-0.08377580409572781	-0.06629240765849137	0.058356202659770914
-0.08203047484373349	-0.06317002549219633	0.058030920720690424
-0.08028514559173915	-0.06004764332590123	0.05770563878160992
-0.07853981633974483	-0.05692526115960619	0.05738035684252943
-0.07679448708775051	-0.05380287899331115	0.05705507490344894
-0.07504915783575616	-0.05068049682701605	0.05672979296436843
-0.07330382858376185	-0.04755811466072101	0.05640451102528794
-0.0715584993317675	-0.04443573249442592	0.056079229086207445
-0.06981317007977318	-0.04131335032813088	0.05575394714712695
-0.06806784082777885	-0.0381909681618358	0.05542866520804645
-0.06632251157578452	-0.035068585995540746	0.05510338326896595
-0.06457718232379019	-0.03194620382924568	0.05477810132988546
-0.06283185307179587	-0.02882382166295064	0.054452819390804964
-0.061086523819801536	-0.02570143949665557	0.05412753745172447
-0.059341194567807204	-0.022579057330360502	0.05380225551264397
-0.05759586531581287	-0.019456675164065435	0.05347697357356347
-0.05585053606381855	-0.01633429299777038	0.05315169163448298
-0.054105206811824215	-0.013211910831475313	0.05282640969540248
-0.05235987755982988	-0.010089528665180245	0.052501127756321986
-0.05061454830783556	-0.0069671464988851906	0.052175845817241495
-0.048869219055841226	-0.0038447643325901226	0.05185056387816099
-0.047123889803846894	-0.0007223821662950547	0.0515252819390805
-0.04537856055185257	0.0024	0.0512
-0.04363323129985824	0.017	0.0502
-0.041887902047863905	0.03	0.0493
-0.04014257279586957	0.0433	0.0484
-0.038397243543875255	0.0567	0.0476
-0.03665191429188092	0.0703	0.0468
-0.03490658503988659	0.0839	0.0461
-0.03316125578789226	0.0976	0.0454
-0.031415926535897934	0.1108	0.0447
-0.029670597283903602	0.123	0.0441
-0.027925268031909273	0.1358	0.0435
-0.02617993877991494	0.1491	0.0429
-0.024434609527920613	0.1616	0.0423
-0.022689280275926284	0.1739	0.0418
-0.020943951023931952	0.1864	0.0413
-0.019198621771937627	0.1983	0.0408
-0.017453292519943295	0.2099	0.0402
-0.015707963267948967	0.2214	0.0397
-0.013962634015954637	0.2326	0.0392
-0.012217304763960306	0.2435	0.0387
-0.010471975511965976	0.2543	0.0382
-0.008726646259971648	0.2641	0.0375
-0.006981317007977318	0.2728	0.0368
-0.005235987755982988	0.2787	0.0358
-0.003490658503988659	0.2911	0.0344
-0.0017453292519943296	0.3084	0.0346
0.0	0.3214	0.0348
0.0017453292519943296	0.3326	0.0349
0.003490658503988659	0.3427	0.0351
0.005235987755982988	0.3523	0.0352
0.006981317007977318	0.3617	0.0353
0.008726646259971648	0.3708	0.0355
0.010471975511965976	0.3799	0.0356
0.012217304763960306	0.3889	0.0357
0.013962634015954637	0.3978	0.0359
0.015707963267948967	0.4067	0.036
0.017453292519943295	0.4156	0.0362
0.019198621771937627	0.4244	0.0363
0.020943951023931952	0.4332	0.0365
0.022689280275926284	0.4419	0.0367
0.024434609527920613	0.4506	0.0368
0.02617993877991494	0.4593	0.037
0.027925268031909273	0.468	0.0372
0.029670597283903602	0.4766	0.0373
0.031415926535897934	0.4852	0.0375
0.03316125578789226	0.4938	0.0377
0.03490658503988659	0.5023	0.0379
0.03665191429188092	0.5109	0.0381
0.038397243543875255	0.5194	0.0383
0.04014257279586957	0.5278	0.0385
0.041887902047863905	0.5362	0.0387
0.04363323129985824	0.5446	0.0389
0.04537856055185257	0.553	0.0391
0.047123889803846894	0.5613	0.0393
0.048869219055841226	0.5696	0.0396
0.05061454830783556	0.5779	0.0398
0.05235987755982988	0.5861	0.04
0.054105206811824215	0.5943	0.0402
0.05585053606381855	0.6024	0.0405
0.05759586531581287	0.6105	0.0407
0.059341194567807204	0.6186	0.041
0.061086523819801536	0.6266	0.0412
0.06283185307179587	0.6346	0.0415
0.06457718232379019	0.6425	0.0417
0.06632251157578452	0.6504	0.042
0.06806784082777885	0.6582	0.0423
0.06981317007977318	0.666	0.0426
0.0715584993317675	0.6738	0.0428
0.07330382858376185	0.6815	0.0431
0.07504915783575616	0.6891	0.0434
0.07679448708775051	0.6967	0.0437
0.07853981633974483	0.7043	0.044
0.08028514559173915	0.7117	0.0443
0.08203047484373349	0.7192	0.0447
0.08377580409572781	0.7265	0.045
0.08552113334772216	0.7339	0.0453
0.08726646259971647	0.7411	0.0457
0.08901179185171079	0.7483	0.046
0.09075712110370514	0.7555	0.0463
0.09250245035569946	0.7626	0.0467
0.09424777960769379	0.7696	0.0471
0.09599310885968812	0.7765	0.0474
0.09773843811168245	0.7834	0.0478
0.0994837673636768	0.7902	0.0482
0.10122909661567112	0.797	0.0486
0.10297442586766545	0.8036	0.049
0.10471975511965977	0.8102	0.0494
0.10646508437165408	0.8167	0.0498
0.10821041362364843	0.8232	0.0503
0.10995574287564275	0.8295	0.0507
0.1117010721276371	0.8358	0.0512
0.11344640137963143	0.842	0.0516
0.11519173063162574	0.8481	0.0521
0.11693705988362009	0.8541	0.0526
0.11868238913561441	0.8601	0.0531
0.12042771838760874	0.8659	0.0536
0.12217304763960307	0.8717	0.0541
0.12391837689159739	0.8773	0.0546
0.12566370614359174	0.8828	0.0552
0.12740903539558604	0.8882	0.0557
0.12915436464758037	0.8936	0.0563
0.1308996938995747	0.8988	0.0569
0.13264502315156904	0.9038	0.0575
0.1343903524035634	0.9088	0.0581
0.1361356816555577	0.9137	0.0587
0.13788101090755203	0.9184	0.0594
0.13962634015954636	0.923	0.0601
0.14137166941154067	0.92735	0.06079999999999999
0.143116998663535	0.9317	0.0615
0.14486232791552936	0.9359	0.0622
0.1466076571675237	0.9399	0.063
0.14835298641951802	0.9437	0.0638
0.15009831567151233	0.9474	0.0646
0.15184364492350666	0.9508	0.0655
0.15358897417550102	0.9541	0.0664
0.15533430342749532	0.9572	0.0673
0.15707963267948966	0.9601	0.0682
0.158824961931484	0.9627	0.0692
0.1605702911834783	0.9652	0.0703
0.16231562043547265	0.9673	0.0713
0.16406094968746698	0.9693	0.0725
0.1658062789394613	0.9709	0.0736
0.16755160819145562	0.9723	0.0749
0.16929693744344995	0.9733	0.0762
0.1710422666954443	0.9739	0.0775
0.17278759594743864	0.9742	0.079
0.17453292519943295	0.974	0.0805
0.17627825445142728	0.9735	0.0821
0.17802358370342158	0.9725	0.0838
0.17976891295541597	0.971	0.0856
0.18151424220741028	0.9688	0.0876
0.1832595714594046	0.9661	0.0896
0.1850049007113989	0.9624	0.0919
0.18675022996339324	0.9578	0.0944
0.18849555921538758	0.9527	0.097
0.19024088846738194	0.9477	0.0996
0.19198621771937624	0.9431	0.1021
0.19373154697137057	0.9389	0.1045
0.1954768762233649	0.9351	0.1069
0.19722220547535924	0.9318	0.1091
0.1989675347273536	0.9289	0.1112
0.20071286397934787	0.9265	0.1133
0.20245819323134223	0.9243	0.1153
0.20420352248333654	0.9225	0.1172
0.2059488517353309	0.9211	0.119
0.2076941809873252	0.92	0.1208
0.20943951023931953	0.9192	0.1226
0.2111848394913139	0.9187	0.1243
0.21293016874330817	0.9185	0.1259
0.21467549799530256	0.9185	0.1275
0.21642082724729686	0.9187	0.1291
0.2181661564992912	0.9191	0.1306
0.2199114857512855	0.9197	0.1321
0.22165681500327983	0.9205	0.1336
0.2234021442552742	0.9215	0.1351
0.22514747350726852	0.9226	0.1365
0.22689280275926285	0.9239	0.1379
0.22863813201125716	0.9254	0.1393
0.2303834612632515	0.9269	0.1406
0.23212879051524585	0.92865	0.14195000000000002
0.23387411976724018	0.9304	0.1433
0.23561944901923448	0.9323	0.1446
0.23736477827122882	0.9343	0.1459
0.23911010752322312	0.9365	0.1471
0.24085543677521748	0.9387	0.1484
0.24260076602721178	0.941	0.1496
0.24434609527920614	0.9433	0.1509
0.24609142453120048	0.9458	0.1521
0.24783675378319478	0.9483	0.1533
0.24958208303518914	0.9508	0.1545
0.25132741228718347	0.9534	0.1556
0.2530727415391778	0.9561	0.1568
0.2548180707911721	0.9588	0.158
0.2565634000431664	0.9616	0.1591
0.25830872929516074	0.9643	0.1603
0.26005405854715513	0.9671	0.1614
0.2617993877991494	0.97	0.1626
0.26354471705114374	0.9729	0.1637
0.26529004630313807	0.9758	0.1648
0.2670353755551324	0.9788	0.1659
0.2687807048071268	0.9818	0.167
0.27052603405912107	0.9848	0.1681
0.2722713633111154	0.9878	0.1692
0.2740166925631097	0.9908	0.1703
0.27576202181510406	0.9939	0.1714
0.2775073510670984	0.997	0.1725
0.2792526803190927	1.0001	0.1736
0.28099800957108706	1.0032	0.1747
0.28274333882308134	1.0064	0.1758
0.2844886680750757	1.0095	0.1768
0.28623399732707	1.0127	0.1779
0.2879793265790644	1.0158	0.179
0.2897246558310587	1.019	0.18
0.291469985083053	1.0222	0.1811
0.2932153143350474	1.0253	0.1822
0.29496064358704166	1.0285	0.1833
0.29670597283903605	1.0317	0.1843
0.2984513020910304	1.0349	0.1854
0.30019663134302466	1.0381	0.1865
0.301941960595019	1.0413	0.1876
0.3036872898470133	1.0444	0.1887
0.30543261909900765	1.0476	0.1898
0.30717794835100204	1.0508	0.1909
0.3089232776029963	1.054	0.192
0.31066860685499065	1.0572	0.1931
0.312413936106985	1.0603	0.1942
0.3141592653589793	1.0635	0.1953
0.31590459461097364	1.0666	0.1965
0.317649923862968	1.0698	0.1976
0.3193952531149623	1.0729	0.1988
0.3211405823669566	1.076	0.1999
0.32288591161895097	1.0791	0.2011
0.3246312408709453	1.0822	0.2023
0.32637657012293964	1.0853	0.2035
0.32812189937493397	1.0884	0.2047
0.32986722862692824	1.0914	0.206
0.3316125578789226	1.0945	0.2072
0.33335788713091696	1.0922909358347608	0.20858907980912225
0.33510321638291124	1.0900818716695218	0.20997815961824443
0.3368485456349056	1.0878728075042825	0.21136723942736668
0.3385938748868999	1.0856637433390433	0.21275631923648886
0.34033920413889424	1.0834546791738042	0.21414539904561106
0.3420845333908886	1.081245615008565	0.2155344788547333
0.3438298626428829	1.0790365508433257	0.2169235586638555
0.3455751918948773	1.0768274866780865	0.21831263847297774
0.34732052114687156	1.0746184225128474	0.21970171828209992
0.3490658503988659	1.0724093583476084	0.22109079809122215
0.40491638646268446	1.008842744903027	0.26718596879731854
0.460766922526503	0.9653550417320873	0.3184240715411598
0.5166174585903215	0.9331116053543989	0.37414943393352357
0.5724679946541401	0.9066397854188116	0.4336483827607825
0.6283185307179586	0.8823565699743725	0.49615819522703675
0.6841690667817771	0.8578283223361877	0.5608766678895873
0.7400196028455958	0.8313704309004478	0.626972183885083
0.7958701389094143	0.8018175460835271	0.6935941528129295
0.8517206749732328	0.768384831345902	0.7598836929772508
0.9075712110370513	0.7305801870843488	0.824984422647075
0.9634217471008699	0.6881461320807033	0.8880532256144789
1.0192722831646883	0.6410194516012138	0.9482708566294749
1.075122819228507	0.5893017150896265	1.0048522542648608
1.1309733552923256	0.5332365332668091	1.0570564323895886
1.186823891356144	0.47319101891616916	1.104195826660419
1.2426744274199626	0.4096398674522426	1.1456449792136614
1.2985249634837812	0.3431510601406808	1.1808484529673893
1.3543754995475996	0.27437256555265244	1.209327876527334
1.4102260356114182	0.20401965840464426	1.230688031507353
1.4660765716752369	0.1328626385808075	1.2446219059933534
1.5219271077390553	0.06171484623650087	1.250914650749422
1.5777776438028739	-0.00531885898605953	1.2509121346818826
1.6336281798666925	-0.05559755171722151	1.2501047547856137
1.689478715930511	-0.1054612894105443	1.2419202564590301
1.7453292519943295	-0.15519156804360779	1.2261370326610808
1.8011797880581482	-0.20422537130952403	1.2029921234100605
1.8570303241219666	-0.2520317491676636	1.172813926053068
1.9128808601857852	-0.29812025269062936	1.1360179824727499
1.9687313962496036	-0.3420495864860096	1.0931016818464756
2.0245819323134224	-0.3834365665167386	1.0446379452794168
2.0804324683772406	-0.42196555655220164	0.9912679713146973
2.1362830044410592	-0.4573986807274287	0.9336931330209027
2.192133540504878	-0.48958729552659064	0.872666127924082
2.2479840765686965	-0.5184854902408884	0.8089814913562732
2.303834612632515	-0.544166836929888	0.7434655917195702
2.3596851486963333	-0.5668463476473209	0.6769662326150329
2.415535684760152	-0.586910837072278	0.6103419916789079
2.4713862208239705	-0.6049630525252391	0.5444514292436852
2.527236756887789	-0.6218888608573651	0.48014230155754056
2.5830872929516078	-0.6389642387502962	0.418240913232592
2.6389378290154264	-0.6580337275084878	0.3595417418507596
2.6947883650792446	-0.6818237257351477	0.3047974642575386
2.750638901143063	-0.7145265598314507	0.2547095090609187
2.806489437206882	-0.7560377299284697	0.20991925328739902
2.8623399732707004	-0.6451789473684211	0.17099997311124923
2.918190509334519	-0.5161431578947366	0.13844964916694083
2.9740410453983377	-0.38710736842105226	0.11268471629509552
3.029891581462156	-0.2580715789473688	0.09403483579213971
3.0857421175259745	-0.1290357894736844	0.08273875547982194
3.141592653589793	0.0	0.07894130934169377
