USNPS4 (airfoil data generated with XFoil through QBlade)
20000
0
-3.50   -0.1212    0.0627
-3.40   -0.1076    0.0611
-3.30   -0.0947    0.0597
-3.20   -0.0815    0.0583
-3.10   -0.0657    0.0569
-3.00   -0.0540    0.0557
-2.90   -0.0374    0.0544
-2.80   -0.0258    0.0533
-2.70   -0.0126    0.0522
-2.60    0.0024    0.0512
-2.50    0.0170    0.0502
-2.40    0.0300    0.0493
-2.30    0.0433    0.0484
-2.20    0.0567    0.0476
-2.10    0.0703    0.0468
-2.00    0.0839    0.0461
-1.90    0.0976    0.0454
-1.80    0.1108    0.0447
-1.70    0.1230    0.0441
-1.60    0.1358    0.0435
-1.50    0.1491    0.0429
-1.40    0.1616    0.0423
-1.30    0.1739    0.0418
-1.20    0.1864    0.0413
-1.10    0.1983    0.0408
-1.00    0.2099    0.0402
-0.90    0.2214    0.0397
-0.80    0.2326    0.0392
-0.70    0.2435    0.0387
-0.60    0.2543    0.0382
-0.50    0.2641    0.0375
-0.40    0.2728    0.0368
-0.30    0.2787    0.0358
-0.20    0.2911    0.0344
-0.10    0.3084    0.0346
0.00    0.3214    0.0348
0.10    0.3326    0.0349
0.20    0.3427    0.0351
0.30    0.3523    0.0352
0.40    0.3617    0.0353
0.50    0.3708    0.0355
0.60    0.3799    0.0356
0.70    0.3889    0.0357
0.80    0.3978    0.0359
0.90    0.4067    0.0360
1.00    0.4156    0.0362
1.10    0.4244    0.0363
1.20    0.4332    0.0365
1.30    0.4419    0.0367
1.40    0.4506    0.0368
1.50    0.4593    0.0370
1.60    0.4680    0.0372
1.70    0.4766    0.0373
1.80    0.4852    0.0375
1.90    0.4938    0.0377
2.00    0.5023    0.0379
2.10    0.5109    0.0381
2.20    0.5194    0.0383
2.30    0.5278    0.0385
2.40    0.5362    0.0387
2.50    0.5446    0.0389
2.60    0.5530    0.0391
2.70    0.5613    0.0393
2.80    0.5696    0.0396
2.90    0.5779    0.0398
3.00    0.5861    0.0400
3.10    0.5943    0.0402
3.20    0.6024    0.0405
3.30    0.6105    0.0407
3.40    0.6186    0.0410
3.50    0.6266    0.0412
3.60    0.6346    0.0415
3.70    0.6425    0.0417
3.80    0.6504    0.0420
3.90    0.6582    0.0423
4.00    0.6660    0.0426
4.10    0.6738    0.0428
4.20    0.6815    0.0431
4.30    0.6891    0.0434
4.40    0.6967    0.0437
4.50    0.7043    0.0440
4.60    0.7117    0.0443
4.70    0.7192    0.0447
4.80    0.7265    0.0450
4.90    0.7339    0.0453
5.00    0.7411    0.0457
5.10    0.7483    0.0460
5.20    0.7555    0.0463
5.30    0.7626    0.0467
5.40    0.7696    0.0471
5.50    0.7765    0.0474
5.60    0.7834    0.0478
5.70    0.7902    0.0482
5.80    0.7970    0.0486
5.90    0.8036    0.0490
6.00    0.8102    0.0494
6.10    0.8167    0.0498
6.20    0.8232    0.0503
6.30    0.8295    0.0507
6.40    0.8358    0.0512
6.50    0.8420    0.0516
6.60    0.8481    0.0521
6.70    0.8541    0.0526
6.80    0.8601    0.0531
6.90    0.8659    0.0536
7.00    0.8717    0.0541
7.10    0.8773    0.0546
7.20    0.8828    0.0552
7.30    0.8882    0.0557
7.40    0.8936    0.0563
7.50    0.8988    0.0569
7.60    0.9038    0.0575
7.70    0.9088    0.0581
7.80    0.9137    0.0587
7.90    0.9184    0.0594
8.00    0.9230    0.0601
8.20    0.9317    0.0615
8.30    0.9359    0.0622
8.40    0.9399    0.0630
8.50    0.9437    0.0638
8.60    0.9474    0.0646
8.70    0.9508    0.0655
8.80    0.9541    0.0664
8.90    0.9572    0.0673
9.00    0.9601    0.0682
9.10    0.9627    0.0692
9.20    0.9652    0.0703
9.30    0.9673    0.0713
9.40    0.9693    0.0725
9.50    0.9709    0.0736
9.60    0.9723    0.0749
9.70    0.9733    0.0762
9.80    0.9739    0.0775
9.90    0.9742    0.0790
10.00    0.9740    0.0805
10.10    0.9735    0.0821
10.20    0.9725    0.0838
10.30    0.9710    0.0856
10.40    0.9688    0.0876
10.50    0.9661    0.0896
10.60    0.9624    0.0919
10.70    0.9578    0.0944
10.80    0.9527    0.0970
10.90    0.9477    0.0996
11.00    0.9431    0.1021
11.10    0.9389    0.1045
11.20    0.9351    0.1069
11.30    0.9318    0.1091
11.40    0.9289    0.1112
11.50    0.9265    0.1133
11.60    0.9243    0.1153
11.70    0.9225    0.1172
11.80    0.9211    0.1190
11.90    0.9200    0.1208
12.00    0.9192    0.1226
12.10    0.9187    0.1243
12.20    0.9185    0.1259
12.30    0.9185    0.1275
12.40    0.9187    0.1291
12.50    0.9191    0.1306
12.60    0.9197    0.1321
12.70    0.9205    0.1336
12.80    0.9215    0.1351
12.90    0.9226    0.1365
13.00    0.9239    0.1379
13.10    0.9254    0.1393
13.20    0.9269    0.1406
13.40    0.9304    0.1433
13.50    0.9323    0.1446
13.60    0.9343    0.1459
13.70    0.9365    0.1471
13.80    0.9387    0.1484
13.90    0.9410    0.1496
14.00    0.9433    0.1509
14.10    0.9458    0.1521
14.20    0.9483    0.1533
14.30    0.9508    0.1545
14.40    0.9534    0.1556
14.50    0.9561    0.1568
14.60    0.9588    0.1580
14.70    0.9616    0.1591
14.80    0.9643    0.1603
14.90    0.9671    0.1614
15.00    0.9700    0.1626
15.10    0.9729    0.1637
15.20    0.9758    0.1648
15.30    0.9788    0.1659
15.40    0.9818    0.1670
15.50    0.9848    0.1681
15.60    0.9878    0.1692
15.70    0.9908    0.1703
15.80    0.9939    0.1714
15.90    0.9970    0.1725
16.00    1.0001    0.1736
16.10    1.0032    0.1747
16.20    1.0064    0.1758
16.30    1.0095    0.1768
16.40    1.0127    0.1779
16.50    1.0158    0.1790
16.60    1.0190    0.1800
16.70    1.0222    0.1811
16.80    1.0253    0.1822
16.90    1.0285    0.1833
17.00    1.0317    0.1843
17.10    1.0349    0.1854
17.20    1.0381    0.1865
17.30    1.0413    0.1876
17.40    1.0444    0.1887
17.50    1.0476    0.1898
17.60    1.0508    0.1909
17.70    1.0540    0.1920
17.80    1.0572    0.1931
17.90    1.0603    0.1942
18.00    1.0635    0.1953
18.10    1.0666    0.1965
18.20    1.0698    0.1976
18.30    1.0729    0.1988
18.40    1.0760    0.1999
18.50    1.0791    0.2011
18.60    1.0822    0.2023
18.70    1.0853    0.2035
18.80    1.0884    0.2047
18.90    1.0914    0.2060
19.00    1.0945    0.2072
