USNPS4 (airfoil data generated with XFoil through QBlade)
50000
0
-2.50    0.1419    0.0388
-2.40    0.1525    0.0378
-2.30    0.1676    0.0373
-2.20    0.1783    0.0364
-2.10    0.1895    0.0358
-2.00    0.2009    0.0351
-1.90    0.2123    0.0345
-1.80    0.2239    0.0339
-1.70    0.2354    0.0334
-1.60    0.2468    0.0329
-1.50    0.2581    0.0324
-1.40    0.2693    0.0320
-1.30    0.2807    0.0316
-1.20    0.2919    0.0313
-1.10    0.3026    0.0308
-1.00    0.3129    0.0304
-0.90    0.3236    0.0301
-0.80    0.3349    0.0298
-0.70    0.3461    0.0294
-0.60    0.3571    0.0292
-0.50    0.3679    0.0289
-0.40    0.3785    0.0286
-0.30    0.3889    0.0283
-0.20    0.3992    0.0280
-0.10    0.4094    0.0277
0.00    0.4198    0.0274
0.10    0.4303    0.0268
0.20    0.4388    0.0247
0.30    0.4499    0.0248
0.40    0.4601    0.0249
0.50    0.4699    0.0250
0.60    0.4795    0.0251
0.70    0.4891    0.0252
0.80    0.4987    0.0253
0.90    0.5081    0.0254
1.00    0.5176    0.0255
1.10    0.5270    0.0256
1.20    0.5363    0.0257
1.30    0.5456    0.0258
1.40    0.5549    0.0259
1.50    0.5640    0.0260
1.60    0.5732    0.0261
1.70    0.5823    0.0263
1.80    0.5914    0.0264
1.90    0.6004    0.0265
2.00    0.6095    0.0266
2.10    0.6185    0.0267
2.20    0.6275    0.0269
2.30    0.6364    0.0270
2.40    0.6454    0.0271
2.50    0.6543    0.0273
2.60    0.6632    0.0274
2.70    0.6721    0.0275
2.80    0.6810    0.0277
2.90    0.6898    0.0278
3.00    0.6986    0.0280
3.10    0.7074    0.0281
3.20    0.7162    0.0283
3.30    0.7249    0.0284
3.40    0.7336    0.0286
3.50    0.7423    0.0287
3.60    0.7509    0.0289
3.70    0.7595    0.0291
3.80    0.7681    0.0292
3.90    0.7766    0.0294
4.00    0.7851    0.0296
4.10    0.7936    0.0298
4.20    0.8020    0.0299
4.30    0.8104    0.0301
4.40    0.8187    0.0303
4.50    0.8271    0.0305
4.60    0.8353    0.0307
4.70    0.8436    0.0309
4.80    0.8517    0.0311
4.90    0.8599    0.0313
5.00    0.8680    0.0315
5.10    0.8760    0.0317
5.20    0.8840    0.0319
5.30    0.8920    0.0321
5.40    0.8999    0.0323
5.50    0.9078    0.0326
5.60    0.9156    0.0328
5.70    0.9233    0.0330
5.80    0.9310    0.0333
5.90    0.9386    0.0335
6.00    0.9462    0.0337
6.10    0.9538    0.0340
6.20    0.9612    0.0342
6.30    0.9686    0.0345
6.40    0.9760    0.0348
6.50    0.9833    0.0350
6.60    0.9905    0.0353
6.70    0.9977    0.0356
6.80    1.0048    0.0359
6.90    1.0118    0.0362
7.00    1.0188    0.0365
7.10    1.0257    0.0368
7.20    1.0325    0.0371
7.30    1.0393    0.0374
7.40    1.0460    0.0377
7.50    1.0526    0.0380
7.60    1.0591    0.0383
7.70    1.0656    0.0387
7.80    1.0720    0.0390
7.90    1.0783    0.0394
8.00    1.0845    0.0397
8.10    1.0907    0.0401
8.20    1.0967    0.0405
8.30    1.1027    0.0409
8.40    1.1086    0.0413
8.50    1.1144    0.0417
8.60    1.1201    0.0421
8.70    1.1257    0.0425
8.80    1.1313    0.0429
8.90    1.1367    0.0434
9.00    1.1421    0.0438
9.10    1.1473    0.0443
9.20    1.1525    0.0448
9.30    1.1575    0.0452
9.40    1.1625    0.0457
9.50    1.1673    0.0463
9.60    1.1720    0.0468
9.70    1.1767    0.0473
9.80    1.1812    0.0479
9.90    1.1856    0.0484
10.00    1.1899    0.0490
10.10    1.1941    0.0496
10.20    1.1981    0.0502
10.30    1.2021    0.0508
10.40    1.2059    0.0515
10.50    1.2096    0.0521
10.60    1.2132    0.0528
10.70    1.2166    0.0535
10.80    1.2199    0.0542
10.90    1.2231    0.0550
11.00    1.2261    0.0557
11.10    1.2290    0.0565
11.20    1.2317    0.0573
11.40    1.2368    0.0590
11.50    1.2390    0.0599
11.60    1.2412    0.0608
11.70    1.2431    0.0617
11.80    1.2449    0.0627
11.90    1.2465    0.0637
12.00    1.2479    0.0647
12.10    1.2492    0.0657
12.20    1.2503    0.0668
12.30    1.2512    0.0680
12.40    1.2519    0.0691
12.50    1.2524    0.0703
12.60    1.2527    0.0716
12.70    1.2528    0.0729
12.80    1.2526    0.0742
12.90    1.2522    0.0756
13.00    1.2516    0.0770
13.10    1.2508    0.0785
13.20    1.2496    0.0800
13.30    1.2482    0.0816
13.40    1.2464    0.0833
13.50    1.2444    0.0850
13.60    1.2420    0.0869
13.70    1.2392    0.0887
13.80    1.2361    0.0907
13.90    1.2325    0.0928
14.00    1.2285    0.0949
14.10    1.2241    0.0972
14.20    1.2191    0.0996
14.30    1.2135    0.1021
14.40    1.2074    0.1048
14.50    1.2005    0.1076
14.60    1.1930    0.1106
14.70    1.1849    0.1137
14.80    1.1764    0.1170
14.90    1.1676    0.1204
15.00    1.1591    0.1237
15.10    1.1510    0.1270
15.20    1.1438    0.1302
15.30    1.1376    0.1331
15.40    1.1323    0.1359
15.50    1.1280    0.1384
15.60    1.1246    0.1408
15.70    1.1219    0.1431
15.80    1.1199    0.1452
15.90    1.1185    0.1471
16.00    1.1175    0.1490
16.10    1.1168    0.1508
16.20    1.1165    0.1526
16.30    1.1166    0.1543
16.40    1.1169    0.1559
16.50    1.1174    0.1575
16.60    1.1181    0.1590
16.70    1.1190    0.1605
16.80    1.1200    0.1620
16.90    1.1211    0.1634
17.00    1.1223    0.1648
17.10    1.1237    0.1663
17.20    1.1251    0.1677
17.30    1.1266    0.1690
17.40    1.1281    0.1704
17.50    1.1297    0.1718
17.60    1.1314    0.1732
17.80    1.1348    0.1759
17.90    1.1365    0.1773
18.00    1.1383    0.1786
18.10    1.1401    0.1800
18.20    1.1419    0.1814
18.30    1.1437    0.1828
18.40    1.1454    0.1842
18.50    1.1472    0.1856
18.60    1.1489    0.1870
18.70    1.1506    0.1885
18.80    1.1522    0.1900
18.90    1.1538    0.1915
19.00    1.1554    0.1931
