alpha values for 360 airfoil data
-3.141592653589793
-3.0815533273211884
-3.021514001052583
-2.9614746747839784
-2.901435348515373
-2.8413960222467685
-2.7813566959781637
-2.7213173697095585
-2.6612780434409538
-2.6012387171723486
-2.541199390903744
-2.481160064635139
-2.421120738366534
-2.361081412097929
-2.301042085829324
-2.241002759560719
-2.180963433292114
-2.120924107023509
-2.0608847807549044
-2.0008454544862992
-1.9408061282176945
-1.8807668019490895
-1.8207274756804845
-1.7606881494118796
-1.7006488231432746
-1.6406094968746698
-1.5805701706060649
-1.5205308443374599
-1.460491518068855
-1.40045219180025
-1.340412865531645
-1.2803735392630402
-1.2203342129944352
-1.1602948867258303
-1.1002555604572253
-1.0402162341886203
-0.9801769079200154
-0.9201375816514106
-0.8600982553828056
-0.8000589291142006
-0.7400196028455958
-0.6799802765769908
-0.6199409503083858
-0.5599016240397809
-0.49986229777117597
-0.43982297150257105
-0.3797836452339661
-0.31974431896536115
-0.25970499269675623
-0.1996656664281513
-0.13962634015954636
-0.13788101090755203
-0.1361356816555577
-0.1343903524035634
-0.13264502315156904
-0.1308996938995747
-0.12915436464758037
-0.12740903539558604
-0.12566370614359174
-0.12391837689159739
-0.12217304763960307
-0.12042771838760874
-0.11868238913561441
-0.11693705988362009
-0.11519173063162574
-0.11344640137963143
-0.1117010721276371
-0.10995574287564275
-0.10821041362364843
-0.10646508437165408
-0.10471975511965977
-0.10297442586766545
-0.10122909661567112
-0.0994837673636768
-0.09773843811168245
-0.09599310885968812
-0.09424777960769379
-0.09250245035569946
-0.09075712110370514
-0.08901179185171079
-0.08726646259971647
-0.08552113334772216
-0.08377580409572781
-0.08203047484373349
-0.08028514559173915
-0.07853981633974483
-0.07679448708775051
-0.07504915783575616
-0.07330382858376185
-0.0715584993317675
-0.06981317007977318
-0.06806784082777885
-0.06632251157578452
-0.06457718232379019
-0.06283185307179587
-0.061086523819801536
-0.059341194567807204
-0.05759586531581287
-0.05585053606381855
-0.054105206811824215
-0.05235987755982988
-0.05061454830783556
-0.048869219055841226
-0.047123889803846894
-0.04537856055185257
-0.04363323129985824
-0.041887902047863905
-0.04014257279586957
-0.038397243543875255
-0.03665191429188092
-0.03490658503988659
-0.03316125578789226
-0.031415926535897934
-0.029670597283903602
-0.027925268031909273
-0.02617993877991494
-0.024434609527920613
-0.022689280275926284
-0.020943951023931952
-0.019198621771937627
-0.017453292519943295
-0.015707963267948967
-0.013962634015954637
-0.012217304763960306
-0.010471975511965976
-0.008726646259971648
-0.006981317007977318
-0.005235987755982988
-0.003490658503988659
-0.0017453292519943296
0.0
0.0017453292519943296
0.003490658503988659
0.005235987755982988
0.006981317007977318
0.008726646259971648
0.010471975511965976
0.012217304763960306
0.013962634015954637
0.015707963267948967
0.017453292519943295
0.019198621771937627
0.020943951023931952
0.022689280275926284
0.024434609527920613
0.02617993877991494
0.027925268031909273
0.029670597283903602
0.031415926535897934
0.03316125578789226
0.03490658503988659
0.03665191429188092
0.038397243543875255
0.04014257279586957
0.041887902047863905
0.04363323129985824
0.04537856055185257
0.047123889803846894
0.048869219055841226
0.05061454830783556
0.05235987755982988
0.054105206811824215
0.05585053606381855
0.05759586531581287
0.059341194567807204
0.061086523819801536
0.06283185307179587
0.06457718232379019
0.06632251157578452
0.06806784082777885
0.06981317007977318
0.0715584993317675
0.07330382858376185
0.07504915783575616
0.07679448708775051
0.07853981633974483
0.08028514559173915
0.08203047484373349
0.08377580409572781
0.08552113334772216
0.08726646259971647
0.08901179185171079
0.09075712110370514
0.09250245035569946
0.09424777960769379
0.09599310885968812
0.09773843811168245
0.0994837673636768
0.10122909661567112
0.10297442586766545
0.10471975511965977
0.10646508437165408
0.10821041362364843
0.10995574287564275
0.1117010721276371
0.11344640137963143
0.11519173063162574
0.11693705988362009
0.11868238913561441
0.12042771838760874
0.12217304763960307
0.12391837689159739
0.12566370614359174
0.12740903539558604
0.12915436464758037
0.1308996938995747
0.13264502315156904
0.1343903524035634
0.1361356816555577
0.13788101090755203
0.13962634015954636
0.14137166941154067
0.143116998663535
0.14486232791552936
0.1466076571675237
0.14835298641951802
0.15009831567151233
0.15184364492350666
0.15358897417550102
0.15533430342749532
0.15707963267948966
0.158824961931484
0.1605702911834783
0.16231562043547265
0.16406094968746698
0.1658062789394613
0.16755160819145562
0.16929693744344995
0.1710422666954443
0.17278759594743864
0.17453292519943295
0.17627825445142728
0.17802358370342158
0.17976891295541597
0.18151424220741028
0.1832595714594046
0.1850049007113989
0.18675022996339324
0.18849555921538758
0.19024088846738194
0.19198621771937624
0.19373154697137057
0.1954768762233649
0.19722220547535924
0.1989675347273536
0.20071286397934787
0.20245819323134223
0.20420352248333654
0.2059488517353309
0.2076941809873252
0.20943951023931953
0.2111848394913139
0.21293016874330817
0.21467549799530256
0.21642082724729686
0.2181661564992912
0.2199114857512855
0.22165681500327983
0.2234021442552742
0.22514747350726852
0.22689280275926285
0.22863813201125716
0.2303834612632515
0.23212879051524585
0.23387411976724018
0.23561944901923448
0.23736477827122882
0.23911010752322312
0.24085543677521748
0.24260076602721178
0.24434609527920614
0.24609142453120048
0.24783675378319478
0.24958208303518914
0.25132741228718347
0.2530727415391778
0.2548180707911721
0.2565634000431664
0.25830872929516074
0.26005405854715513
0.2617993877991494
0.26354471705114374
0.26529004630313807
0.2670353755551324
0.2687807048071268
0.27052603405912107
0.2722713633111154
0.2740166925631097
0.27576202181510406
0.2775073510670984
0.2792526803190927
0.28099800957108706
0.28274333882308134
0.2844886680750757
0.28623399732707
0.2879793265790644
0.2897246558310587
0.291469985083053
0.2932153143350474
0.29496064358704166
0.29670597283903605
0.2984513020910304
0.30019663134302466
0.301941960595019
0.3036872898470133
0.30543261909900765
0.30717794835100204
0.3089232776029963
0.31066860685499065
0.312413936106985
0.3141592653589793
0.31590459461097364
0.317649923862968
0.3193952531149623
0.3211405823669566
0.32288591161895097
0.3246312408709453
0.32637657012293964
0.32812189937493397
0.32986722862692824
0.3316125578789226
0.33335788713091696
0.33510321638291124
0.3368485456349056
0.3385938748868999
0.34033920413889424
0.3420845333908886
0.3438298626428829
0.3455751918948773
0.34732052114687156
0.3490658503988659
0.40491638646268446
0.460766922526503
0.5166174585903215
0.5724679946541401
0.6283185307179586
0.6841690667817771
0.7400196028455958
0.7958701389094143
0.8517206749732328
0.9075712110370513
0.9634217471008699
1.0192722831646883
1.075122819228507
1.1309733552923256
1.186823891356144
1.2426744274199626
1.2985249634837812
1.3543754995475996
1.4102260356114182
1.4660765716752369
1.5219271077390553
1.5777776438028739
1.6336281798666925
1.689478715930511
1.7453292519943295
1.8011797880581482
1.8570303241219666
1.9128808601857852
1.9687313962496036
2.0245819323134224
2.0804324683772406
2.1362830044410592
2.192133540504878
2.2479840765686965
2.303834612632515
2.3596851486963333
2.415535684760152
2.4713862208239705
2.527236756887789
2.5830872929516078
2.6389378290154264
2.6947883650792446
2.750638901143063
2.806489437206882
2.8623399732707004
2.918190509334519
2.9740410453983377
3.029891581462156
3.0857421175259745
3.141592653589793
