Wortmann FX 63-137 airfoil data
130000.0
0
-3.141592653589793	0.0	0.06313310572274297
-3.0815533273211884	0.03522101333333323	0.06752209084178795
-3.021514001052583	0.07044202666666671	0.08062460962894887
-2.9614746747839784	0.12810703586004682	0.10224828478819593
-2.901435348515373	0.1830273974347668	0.13207558209495163
-2.8413960222467685	0.23233947719055772	0.1696684054383723
-2.7813566959781637	0.27673885672591575	0.2144744368531361
-2.7213173697095585	0.31620359653123015	0.2658351301234934
-2.6612780434409538	0.350483358146902	0.32299524269732516
-2.6012387171723486	0.3792673196771473	0.3851137684634099
-2.541199390903744	0.40225501385684864	0.4512761137406077
-2.481160064635139	0.4191911477324435	0.5205073408943667
-2.421120738366534	0.42988470740485857	0.5917862885921377
-2.361081412097929	0.4342201229545099	0.6640603650569684
-2.301042085829324	0.4321638058823879	0.7362608009599958
-2.241002759560719	0.4237675975031543	0.8073181419478271
-2.180963433292114	0.40916990132743747	0.8761777573257382
-2.120924107023509	0.38859492231619436	0.9418151411622384
-2.0608847807549044	0.36235027010264764	1.0032507850487749
-2.0008454544862992	0.330823104489194	1.0595644078973279
-1.9408061282176945	0.2944749657786012	1.1099083374000571
-1.8807668019490895	0.25383541872745535	1.1535198499758699
-1.8207274756804845	0.20949463646738795	1.1897322910131682
-1.7606881494118796	0.16209505396912421	1.2179848147704053
-1.7006488231432746	0.1123222263748268	1.2378306031636048
-1.6406094968746698	0.06089503395859907	1.2489434445666967
-1.5805701706060649	0.008555381475075407	1.251122577361001
-1.5205308443374599	-0.06273993322624914	1.2506398876577298
-1.460491518068855	-0.13674928246863113	1.2424198429221958
-1.40045219180025	-0.20873744434604785	1.2253875293351508
-1.340412865531645	-0.277665093462365	1.199828759699284
-1.2803735392630402	-0.34253578959788933	1.166151724684215
-1.2203342129944352	-0.4024102293433383	1.1248809697200939
-1.1602948867258303	-0.45641963219261295	1.0766496982220084
-1.1002555604572253	-0.5037780556632906	1.0221905125043316
-1.0402162341886203	-0.5437934431442573	0.9623247262347276
-0.9801769079200154	-0.5758772169290388	0.8979504028386426
-0.9201375816514106	-0.599552235058774	0.8300292926006803
-0.8600982553828056	-0.6144589304127197	0.7595728570552968
-0.8000589291142006	-0.6203594373011599	0.6876275823875619
-0.7400196028455958	-0.6171394723209578	0.6152597937863338
-0.6799802765769908	-0.6048076484662641	0.5435401898599475
-0.6199409503083858	-0.5834917153292326	0.47352832023523383
-0.5599016240397809	-0.5534308270596072	0.40625723025671545
-0.49986229777117597	-0.5149620965969032	0.3427184942727598
-0.43982297150257105	-0.4684977822857064	0.2838478533744076
-0.3797836452339661	-0.414484781359362	0.23051166472155563
-0.31974431896536115	-0.35332549410763486	0.18349435787602253
-0.25970499269675623	-0.28520022161451347	0.14348707903054547
-0.1996656664281513	-0.209587018551867	0.11107768688632941
-0.13962634015954636	-0.1001	0.0892
-0.13788101090755203	-0.10202	0.08814
-0.1361356816555577	-0.10394	0.08708
-0.1343903524035634	-0.10585999999999997	0.08602000000000001
-0.13264502315156904	-0.10778	0.08496000000000001
-0.1308996938995747	-0.1097	0.0839
-0.12915436464758037	-0.10618	0.08252
-0.12740903539558604	-0.10265999999999999	0.08113999999999999
-0.12566370614359174	-0.09914000000000002	0.07976000000000001
-0.12391837689159739	-0.09561999999999998	0.07837999999999999
-0.12217304763960307	-0.0921	0.077
-0.12042771838760874	-0.08838	0.07579999999999999
-0.11868238913561441	-0.08465999999999999	0.0746
-0.11693705988362009	-0.08094000000000001	0.07339999999999999
-0.11519173063162574	-0.07721999999999997	0.07219999999999999
-0.11344640137963143	-0.0735	0.071
-0.1117010721276371	-0.06898	0.06949999999999999
-0.10995574287564275	-0.06445999999999996	0.06799999999999999
-0.10821041362364843	-0.05994	0.0665
-0.10646508437165408	-0.05541999999999996	0.06499999999999999
-0.10471975511965977	-0.0509	0.0635
-0.10297442586766545	-0.04502000000000004	0.06240000000000001
-0.10122909661567112	-0.03914000000000003	0.06130000000000001
-0.0994837673636768	-0.03326000000000007	0.06020000000000002
-0.09773843811168245	-0.02738000000000001	0.05910000000000001
-0.09599310885968812	-0.0215	0.058
-0.09424777960769379	-0.014779999999999988	0.056780000000000004
-0.09250245035569946	-0.008059999999999979	0.05556
-0.09075712110370514	-0.0013400000000000217	0.054340000000000006
-0.08901179185171079	0.005380000000000041	0.053119999999999994
-0.08726646259971647	0.0121	0.0519
-0.08552113334772216	0.01991999999999995	0.05084000000000001
-0.08377580409572781	0.027740000000000025	0.04978
-0.08203047484373349	0.035559999999999974	0.048720000000000006
-0.08028514559173915	0.04338000000000005	0.047659999999999994
-0.07853981633974483	0.0512	0.0466
-0.07679448708775051	0.060239999999999946	0.045660000000000006
-0.07504915783575616	0.06928000000000004	0.044719999999999996
-0.07330382858376185	0.07831999999999997	0.043780000000000006
-0.0715584993317675	0.08736000000000005	0.042839999999999996
-0.06981317007977318	0.0964	0.0419
-0.06806784082777885	0.10490000000000001	0.04108
-0.06632251157578452	0.11340000000000003	0.04026
-0.06457718232379019	0.12190000000000004	0.039439999999999996
-0.06283185307179587	0.1304	0.03862
-0.061086523819801536	0.1389	0.0378
-0.059341194567807204	0.15049333333333334	0.03698666666666667
-0.05759586531581287	0.16208666666666668	0.036173333333333335
-0.05585053606381855	0.17368	0.03536
-0.054105206811824215	0.18527333333333335	0.03454666666666666
-0.05235987755982988	0.1968666666666667	0.03373333333333333
-0.05061454830783556	0.20846	0.03292
-0.048869219055841226	0.22005333333333335	0.032106666666666665
-0.047123889803846894	0.23164666666666672	0.03129333333333333
-0.04537856055185257	0.24324	0.03048
-0.04363323129985824	0.25483333333333336	0.029666666666666668
-0.041887902047863905	0.2664266666666667	0.02885333333333333
-0.04014257279586957	0.27802000000000004	0.028039999999999995
-0.038397243543875255	0.2896133333333333	0.02722666666666667
-0.03665191429188092	0.3012066666666667	0.026413333333333337
-0.03490658503988659	0.3128	0.0256
-0.03316125578789226	0.32344	0.02514
-0.031415926535897934	0.33408	0.02468
-0.029670597283903602	0.34472	0.024220000000000002
-0.027925268031909273	0.35536	0.023760000000000003
-0.02617993877991494	0.366	0.0233
-0.024434609527920613	0.37646	0.023020000000000002
-0.022689280275926284	0.38692	0.02274
-0.020943951023931952	0.39738	0.02246
-0.019198621771937627	0.40784	0.02218
-0.017453292519943295	0.4183	0.0219
-0.015707963267948967	0.4285	0.02166
-0.013962634015954637	0.4387	0.021419999999999998
-0.012217304763960306	0.4489	0.02118
-0.010471975511965976	0.4591	0.02094
-0.008726646259971648	0.4693	0.0207
-0.006981317007977318	0.47926	0.02052
-0.005235987755982988	0.48922	0.02034
-0.003490658503988659	0.49918	0.02016
-0.0017453292519943296	0.50914	0.01998
0.0	0.5191	0.0198
0.0017453292519943296	0.52944	0.01932
0.003490658503988659	0.53978	0.01884
0.005235987755982988	0.5501199999999999	0.01836
0.006981317007977318	0.56046	0.01788
0.008726646259971648	0.5708	0.0174
0.010471975511965976	0.58062	0.01746
0.012217304763960306	0.59044	0.01752
0.013962634015954637	0.60026	0.01758
0.015707963267948967	0.61008	0.01764
0.017453292519943295	0.6199	0.0177
0.019198621771937627	0.62964	0.01778
0.020943951023931952	0.63938	0.01786
0.022689280275926284	0.64912	0.01794
0.024434609527920613	0.65886	0.01802
0.02617993877991494	0.6686	0.0181
0.027925268031909273	0.67826	0.01818
0.029670597283903602	0.68792	0.018260000000000002
0.031415926535897934	0.69758	0.01834
0.03316125578789226	0.70724	0.01842
0.03490658503988659	0.7169	0.0185
0.03665191429188092	0.72646	0.01858
0.038397243543875255	0.73602	0.01866
0.04014257279586957	0.74558	0.01874
0.041887902047863905	0.75514	0.01882
0.04363323129985824	0.7647	0.0189
0.04537856055185257	0.77414	0.019
0.047123889803846894	0.78358	0.0191
0.048869219055841226	0.7930200000000001	0.019200000000000002
0.05061454830783556	0.80246	0.0193
0.05235987755982988	0.8119	0.0194
0.054105206811824215	0.82116	0.0195
0.05585053606381855	0.8304199999999999	0.0196
0.05759586531581287	0.83968	0.019700000000000002
0.059341194567807204	0.8489399999999999	0.0198
0.061086523819801536	0.8582	0.0199
0.06283185307179587	0.8673	0.02
0.06457718232379019	0.8764	0.0201
0.06632251157578452	0.8855	0.020200000000000003
0.06806784082777885	0.8946	0.020300000000000002
0.06981317007977318	0.9037	0.0204
0.0715584993317675	0.9123999999999999	0.02052
0.07330382858376185	0.9211	0.020640000000000002
0.07504915783575616	0.9298	0.02076
0.07679448708775051	0.9385000000000001	0.020880000000000003
0.07853981633974483	0.9472	0.021
0.08028514559173915	0.95572	0.02112
0.08203047484373349	0.9642400000000001	0.021240000000000002
0.08377580409572781	0.97276	0.02136
0.08552113334772216	0.98128	0.021480000000000003
0.08726646259971647	0.9898	0.0216
0.08901179185171079	0.9982	0.02172
0.09075712110370514	1.0066000000000002	0.021840000000000002
0.09250245035569946	1.015	0.02196
0.09424777960769379	1.0234	0.022080000000000002
0.09599310885968812	1.0318	0.0222
0.09773843811168245	1.0400800000000001	0.022340000000000002
0.0994837673636768	1.0483600000000002	0.022480000000000003
0.10122909661567112	1.05664	0.02262
0.10297442586766545	1.06492	0.022760000000000002
0.10471975511965977	1.0732	0.0229
0.10646508437165408	1.0812799999999998	0.023059999999999997
0.10821041362364843	1.0893599999999999	0.02322
0.10995574287564275	1.09744	0.023379999999999998
0.1117010721276371	1.1055199999999998	0.02354
0.11344640137963143	1.1136	0.0237
0.11519173063162574	1.1215	0.02386
0.11693705988362009	1.1294	0.02402
0.11868238913561441	1.1373	0.02418
0.12042771838760874	1.1452	0.02434
0.12217304763960307	1.1531	0.0245
0.12391837689159739	1.16078	0.02468
0.12566370614359174	1.16846	0.02486
0.12740903539558604	1.17614	0.02504
0.12915436464758037	1.1838199999999999	0.02522
0.1308996938995747	1.1915	0.0254
0.13264502315156904	1.19892	0.025599999999999998
0.1343903524035634	1.2063400000000002	0.025800000000000003
0.1361356816555577	1.21376	0.026
0.13788101090755203	1.22118	0.0262
0.13962634015954636	1.2286	0.0264
0.14137166941154067	1.2357599999999997	0.026619999999999998
0.143116998663535	1.2429199999999998	0.026839999999999996
0.14486232791552936	1.2500799999999999	0.02706
0.1466076571675237	1.25724	0.02728
0.14835298641951802	1.2644	0.0275
0.15009831567151233	1.27128	0.027719999999999998
0.15184364492350666	1.27816	0.02794
0.15358897417550102	1.28504	0.02816
0.15533430342749532	1.29192	0.02838
0.15707963267948966	1.2988	0.0286
0.158824961931484	1.30534	0.02886
0.1605702911834783	1.31188	0.029119999999999997
0.16231562043547265	1.31842	0.029380000000000003
0.16406094968746698	1.32496	0.029640000000000003
0.1658062789394613	1.3315	0.0299
0.16755160819145562	1.33772	0.03018
0.16929693744344995	1.34394	0.03046
0.1710422666954443	1.35016	0.030740000000000003
0.17278759594743864	1.3563800000000001	0.031020000000000006
0.17453292519943295	1.3626	0.0313
0.17627825445142728	1.36844	0.03162
0.17802358370342158	1.37428	0.031939999999999996
0.17976891295541597	1.38012	0.032260000000000004
0.18151424220741028	1.3859599999999999	0.03258
0.1832595714594046	1.3918	0.0329
0.1850049007113989	1.39726	0.03326
0.18675022996339324	1.40272	0.03362
0.18849555921538758	1.40818	0.033979999999999996
0.19024088846738194	1.41364	0.03434
0.19198621771937624	1.4191	0.0347
0.19373154697137057	1.42412	0.035100000000000006
0.1954768762233649	1.42914	0.035500000000000004
0.19722220547535924	1.43416	0.03590000000000001
0.1989675347273536	1.4391800000000001	0.03630000000000001
0.20071286397934787	1.4442	0.0367
0.20245819323134223	1.44878	0.037140000000000006
0.20420352248333654	1.45336	0.03758
0.2059488517353309	1.45794	0.038020000000000005
0.2076941809873252	1.46252	0.03846
0.20943951023931953	1.4671	0.0389
0.2111848394913139	1.4711800000000002	0.039400000000000004
0.21293016874330817	1.47526	0.03989999999999999
0.21467549799530256	1.47934	0.040400000000000005
0.21642082724729686	1.48342	0.0409
0.2181661564992912	1.4875	0.0414
0.2199114857512855	1.49108	0.04195999999999999
0.22165681500327983	1.49466	0.04251999999999999
0.2234021442552742	1.49824	0.04308
0.22514747350726852	1.5018200000000002	0.043640000000000005
0.22689280275926285	1.5054	0.0442
0.22863813201125716	1.50838	0.04486
0.2303834612632515	1.51136	0.04552
0.23212879051524585	1.51434	0.046180000000000006
0.23387411976724018	1.51732	0.04684000000000001
0.23561944901923448	1.5203	0.0475
0.23736477827122882	1.52272	0.04824
0.23911010752322312	1.52514	0.04897999999999999
0.24085543677521748	1.52756	0.04972
0.24260076602721178	1.52998	0.05045999999999999
0.24434609527920614	1.5324	0.0512
0.24609142453120048	1.5341799999999999	0.05206
0.24783675378319478	1.53596	0.05291999999999999
0.24958208303518914	1.5377399999999999	0.05378
0.25132741228718347	1.53952	0.05464
0.2530727415391778	1.5413	0.0555
0.2548180707911721	1.5423799999999999	0.056459999999999975
0.2565634000431664	1.5434599999999998	0.057419999999999985
0.25830872929516074	1.54454	0.05837999999999999
0.26005405854715513	1.54562	0.059340000000000025
0.2617993877991494	1.5467	0.0603
0.26354471705114374	1.54698	0.06144
0.26529004630313807	1.54726	0.06258
0.2670353755551324	1.54754	0.06372
0.2687807048071268	1.54782	0.06486000000000004
0.27052603405912107	1.5481	0.066
0.2722713633111154	1.54752	0.0673
0.2740166925631097	1.54694	0.06859999999999995
0.27576202181510406	1.54636	0.0699
0.2775073510670984	1.54578	0.0712
0.2792526803190927	1.5452	0.0725
0.28099800957108706	1.54362	0.074
0.28274333882308134	1.54204	0.07549999999999996
0.2844886680750757	1.54046	0.077
0.28623399732707	1.53888	0.07849999999999996
0.2879793265790644	1.5373	0.08
0.2897246558310587	1.5346600000000001	0.0817
0.291469985083053	1.5320200000000002	0.08339999999999995
0.2932153143350474	1.52938	0.0851
0.29496064358704166	1.5267400000000002	0.08679999999999995
0.29670597283903605	1.5241	0.0885
0.2984513020910304	1.52034	0.09046000000000001
0.30019663134302466	1.51658	0.09241999999999996
0.301941960595019	1.51282	0.09437999999999998
0.3036872898470133	1.50906	0.09633999999999998
0.30543261909900765	1.5053	0.0983
0.30717794835100204	1.5006199999999998	0.10050000000000006
0.3089232776029963	1.49594	0.1027
0.31066860685499065	1.49126	0.1049
0.312413936106985	1.48658	0.1071
0.3141592653589793	1.4819	0.1093
0.31590459461097364	1.47682	0.11162
0.317649923862968	1.47174	0.11394
0.3193952531149623	1.4666599999999999	0.11625999999999999
0.3211405823669566	1.46158	0.11857999999999992
0.32288591161895097	1.4565	0.1209
0.3246312408709453	1.452	0.12318000000000001
0.32637657012293964	1.4474999999999998	0.12546000000000002
0.32812189937493397	1.4429999999999998	0.12774000000000005
0.32986722862692824	1.4385	0.13002
0.3316125578789226	1.434	0.1323
0.33335788713091696	1.4245999999999996	0.1356200000000001
0.33510321638291124	1.4152	0.13894
0.3368485456349056	1.4057999999999997	0.1422600000000001
0.3385938748868999	1.3964	0.14558000000000001
0.34033920413889424	1.387	0.1489
0.3420845333908886	1.3811599999999997	0.15156000000000008
0.3438298626428829	1.3753199999999999	0.15422
0.3455751918948773	1.3694799999999998	0.1568800000000001
0.34732052114687156	1.36364	0.15954000000000002
0.3490658503988659	1.3578	0.1622
0.40491638646268446	1.2095085046938947	0.17184626760537802
0.460766922526503	1.1347513841565593	0.2255773388429368
0.5166174585903215	1.0771768402301993	0.284088236045991
0.5724679946541401	1.0296775072899358	0.34665559806311624
0.6283185307179586	0.987604900351595	0.4125061164310011
0.6841690667817771	0.9478043182119904	0.48082615361745124
0.7400196028455958	0.9080879233972792	0.5507718620840386
0.7958701389094143	0.8669301735388344	0.6214796781121402
0.8517206749732328	0.8232829889065986	0.6920770596705488
0.9075712110370513	0.7764585585859853	0.7616933345663741
0.9634217471008699	0.726051856709126	0.8294705237514306
1.0192722831646883	0.671887197986001	0.8945740049707739
1.075122819228507	0.6139796960434765	0.9562028839345637
1.1309733552923256	0.5525061250949009	1.0135999438441263
1.186823891356144	0.4877817884588489	1.066061049362472
1.2426744274199626	0.420241255658265	1.1129438879230085
1.2985249634837812	0.3504216063915847	1.1536759395329592
1.3543754995475996	0.2789473130011475	1.1877615758471145
1.4102260356114182	0.20651621520416677	1.2147882001429962
1.4660765716752369	0.13388625697981177	1.2344313517851009
1.5219271077390553	0.06186280465032682	1.246458711674511
1.5777776438028739	-0.006123546249154899	1.2503951352092182
1.6336281798666925	-0.05583642932622254	1.2441750053651497
1.689478715930511	-0.10641332834145478	1.230227075049241
1.7453292519943295	-0.15727120229505448	1.2087126182461967
1.8011797880581482	-0.20785378113250452	1.179887302842361
1.8570303241219666	-0.2576401755550078	1.1440980428951124
1.9128808601857852	-0.30615384865923745	1.1017787132133823
1.9687313962496036	-0.3529720181560318	1.053444779543168
2.0245819323134224	-0.3977356385968027	0.9996869111695474
2.0804324683772406	-0.44016022726504883	0.9411636554319829
2.1362830044410592	-0.4800479641260903	0.8785932653444257
2.192133540504878	-0.5173017464445283	0.812744782070288
2.2479840765686965	-0.551942264477857	0.744428483292904
2.303834612632515	-0.5841297762444418	0.6744858164290722
2.3596851486963333	-0.614193257780981	0.6037789420579222
2.415535684760152	-0.6426712878381787	0.5331800177996867
2.4713862208239705	-0.670371962446675	0.4635603561183387
2.527236756887789	-0.698464464944313	0.39577959109805205
2.5830872929516078	-0.7286250344047472	0.33067498913649096
2.6389378290154264	-0.7632802989851085	0.2690510367092299
2.6947883650792446	-0.8060339033814811	0.21166943491153956
2.750638901143063	-0.8624605460323853	0.15923962541922743
2.806489437206882	-0.9416969921016725	0.11240996589235552
2.8623399732707004	-1.0599468713674258	0.07175966475689019
2.918190509334519	-0.8949016774193542	0.037791575840530556
2.9740410453983377	-0.6711762580645153	0.010925942627929092
3.029891581462156	-0.44745083870967806	0.0001
3.0857421175259745	-0.22372541935483903	0.0001
3.141592653589793	0.0	0.0001
