Wortmann FX 63-137 airfoil data
130000.0
0
-3.141592653589793	0.0	0.05359518141355596
-3.0815533273211884	0.0019644210526315728	0.0580013521458161
-3.021514001052583	0.00392884210526316	0.07115536584189378
-2.9614746747839784	0.07398258256313461	0.0928646596367489
-2.901435348515373	0.1432935650352479	0.12281139076723563
-2.8413960222467685	0.20142492547215665	0.16055703272624525
-2.7813566959781637	0.2518507439977194	0.20554871684548653
-2.7213173697095585	0.2957385448328	0.2571272278840701
-2.6612780434409538	0.3334315877894066	0.31453653835349155
-2.6012387171723486	0.36494784316941287	0.37693474412352457
-2.541199390903744	0.390183255892249	0.44340624364754083
-2.481160064635139	0.4090067605671101	0.5129749852109982
-2.421120738366534	0.4213094851119714	0.5846185912015972
-2.361081412097929	0.42703212341585495	0.6572831557459065
-2.301042085829324	0.42618073446676646	0.7298985023373831
-2.241002759560719	0.4188357473421003	0.8013936814347131
-2.180963433292114	0.40515656548883977	0.8707124845331256
-2.120924107023509	0.3853830509268011	0.9368287509548135
-2.0608847807549044	0.35983462187847404	0.9987612465717453
-2.0008454544862992	0.32890741780654326	1.0555878998221275
-1.9408061282176945	0.2930698396533368	1.106459189622272
-1.8807668019490895	0.25285669615320977	1.1506104919754807
-1.8207274756804845	0.20886214727333488	1.1873732070632053
-1.7606881494118796	0.16173161624687704	1.2161845061554233
-1.7006488231432746	0.11215283305604633	1.2365955575441305
-1.6406094968746698	0.06084616934527392	1.2482781126000495
-1.5805701706060649	0.008554424492735547	1.251029356662735
-1.5205308443374599	-0.06270375968944761	1.2501606611539644
-1.460491518068855	-0.13657480376769138	1.241369896175236
-1.40045219180025	-0.20832014325569262	1.2237706459729865
-1.340412865531645	-0.2768986107454087	1.1976507663842317
-1.2803735392630402	-0.34131099410239224	1.1634204701157367
-1.2203342129944352	-0.40061412409100855	1.1216062963509257
-1.1602948867258303	-0.453934023994997	1.0728434067895234
-1.1002555604572253	-0.5004778930611312	1.0178663195049544
-1.0402162341886203	-0.5395446930881636	0.957498214494647
-0.9801769079200154	-0.5705340984906924	0.8926389653589464
-0.9201375816514106	-0.5929535483886861	0.8242520698792764
-0.8600982553828056	-0.6064230937697467	0.7533506681114873
-0.8000589291142006	-0.6106776438089585	0.6809828497378346
-0.7400196028455958	-0.6055660459417944	0.6082164626417292
-0.6799802765769908	-0.5910461115229891	0.5361236418361869
-0.6199409503083858	-0.5671740730052713	0.4657652818865646
-0.5599016240397809	-0.5340857033432863	0.39817567676308446
-0.49986229777117597	-0.49196368711181615	0.33434754862739224
-0.43982297150257105	-0.4409799133673814	0.2752176814350819
-0.3797836452339661	-0.38118698042868593	0.22165336650377243
-0.31974431896536115	-0.3122944774130322	0.17443985547980706
-0.25970499269675623	-0.23314625644864123	0.13426900160475505
-0.1996656664281513	-0.1402724968390709	0.1017292530450129
-0.13962634015954636	0.0078	0.0791
-0.13788101090755203	0.0039	0.0781
-0.1361356816555577	0.0084	0.0772
-0.1343903524035634	0.0096	0.0764
-0.13264502315156904	-0.0062	0.075
-0.1308996938995747	0.0151	0.0745
-0.12915436464758037	0.0078	0.0735
-0.12740903539558604	-0.0027	0.0723
-0.12566370614359174	0.0148	0.0716
-0.12391837689159739	0.0163	0.0708
-0.12217304763960307	-0.0043	0.0693
-0.12042771838760874	0.009	0.0688
-0.11868238913561441	0.0161	0.0682
-0.11693705988362009	0.0022	0.0662
-0.11519173063162574	0.0136	0.066
-0.11344640137963143	0.0195	0.0654
-0.1117010721276371	0.02554	0.05888
-0.10995574287564275	0.031580000000000046	0.05235999999999995
-0.10821041362364843	0.03762	0.045840000000000006
-0.10646508437165408	0.043660000000000046	0.03931999999999995
-0.10471975511965977	0.0497	0.0328
-0.10297442586766545	0.0605	0.032
-0.10122909661567112	0.0727	0.0311
-0.0994837673636768	0.0857	0.0301
-0.09773843811168245	0.0993	0.0292
-0.09599310885968812	0.1134	0.0283
-0.09424777960769379	0.1274	0.0275
-0.09250245035569946	0.1414	0.0268
-0.09075712110370514	0.1547	0.0262
-0.08901179185171079	0.1669	0.0257
-0.08726646259971647	0.1787	0.0253
-0.08552113334772216	0.1901	0.0248
-0.08377580409572781	0.2014	0.0244
-0.08203047484373349	0.2125	0.024
-0.08028514559173915	0.2236	0.0236
-0.07853981633974483	0.2347	0.0233
-0.07679448708775051	0.246	0.023
-0.07504915783575616	0.2573	0.0227
-0.07330382858376185	0.2688	0.0224
-0.0715584993317675	0.2804	0.0221
-0.06981317007977318	0.2912	0.0218
-0.06806784082777885	0.3024	0.0216
-0.06632251157578452	0.3139	0.0213
-0.06457718232379019	0.3254	0.0211
-0.06283185307179587	0.3372	0.0208
-0.061086523819801536	0.3494	0.0206
-0.059341194567807204	0.3621	0.0203
-0.05759586531581287	0.3756	0.02
-0.05585053606381855	0.3902	0.0197
-0.054105206811824215	0.4052	0.0194
-0.05235987755982988	0.4236	0.0189
-0.05061454830783556	0.4487	0.0181
-0.048869219055841226	0.4604	0.0182
-0.047123889803846894	0.4714	0.0183
-0.04537856055185257	0.482	0.0185
-0.04363323129985824	0.4928	0.0186
-0.041887902047863905	0.5027	0.0187
-0.04014257279586957	0.5127	0.0189
-0.038397243543875255	0.523	0.019
-0.03665191429188092	0.5326	0.0192
-0.03490658503988659	0.5417	0.0193
-0.03316125578789226	0.551	0.0194
-0.031415926535897934	0.5606	0.0196
-0.029670597283903602	0.5696	0.0197
-0.027925268031909273	0.578	0.0198
-0.02617993877991494	0.5869	0.0199
-0.024434609527920613	0.5964	0.02
-0.022689280275926284	0.6061	0.0201
-0.020943951023931952	0.6145	0.0202
-0.019198621771937627	0.623	0.0203
-0.017453292519943295	0.6324	0.0203
-0.015707963267948967	0.6424	0.0204
-0.013962634015954637	0.6502	0.0205
-0.012217304763960306	0.6599	0.0205
-0.010471975511965976	0.6703	0.0206
-0.008726646259971648	0.679	0.0206
-0.006981317007977318	0.6907	0.0207
-0.005235987755982988	0.6995	0.0207
-0.003490658503988659	0.7104	0.0207
-0.0017453292519943296	0.7206	0.0208
0.0	0.7307	0.0208
0.0017453292519943296	0.7421	0.0208
0.003490658503988659	0.7515	0.0209
0.005235987755982988	0.763	0.0209
0.006981317007977318	0.7718	0.0209
0.008726646259971648	0.7835	0.021
0.010471975511965976	0.7921	0.021
0.012217304763960306	0.8031	0.0211
0.013962634015954637	0.8128	0.0211
0.015707963267948967	0.8229	0.0211
0.017453292519943295	0.8341	0.0212
0.019198621771937627	0.8434	0.0212
0.020943951023931952	0.8547	0.0213
0.022689280275926284	0.8642	0.0213
0.024434609527920613	0.8742	0.0214
0.02617993877991494	0.8852	0.0214
0.027925268031909273	0.8944	0.0215
0.029670597283903602	0.9057	0.0215
0.031415926535897934	0.9147	0.0216
0.03316125578789226	0.9248	0.0216
0.03490658503988659	0.9346	0.0217
0.03665191429188092	0.944	0.0218
0.038397243543875255	0.954	0.0218
0.04014257279586957	0.9631	0.0219
0.041887902047863905	0.9733	0.022
0.04363323129985824	0.9822	0.022
0.04537856055185257	0.9928	0.0221
0.047123889803846894	1.0014	0.0222
0.048869219055841226	1.0122	0.0223
0.05061454830783556	1.0205	0.0223
0.05235987755982988	1.0308	0.0224
0.054105206811824215	1.0394	0.0225
0.05585053606381855	1.0493	0.0226
0.05759586531581287	1.0578	0.0227
0.059341194567807204	1.0675	0.0228
0.061086523819801536	1.0755	0.0228
0.06283185307179587	1.0849	0.0229
0.06457718232379019	1.0927	0.023
0.06632251157578452	1.1014	0.0231
0.06806784082777885	1.1093	0.0232
0.06981317007977318	1.1172	0.0233
0.0715584993317675	1.1256	0.0234
0.07330382858376185	1.1332	0.0234
0.07504915783575616	1.1404	0.0235
0.07679448708775051	1.1477	0.0236
0.07853981633974483	1.1547	0.0237
0.08028514559173915	1.1611	0.0238
0.08203047484373349	1.1669	0.0238
0.08377580409572781	1.1719	0.0239
0.08552113334772216	1.1753	0.0239
0.08726646259971647	1.1756	0.0238
0.08901179185171079	1.1864	0.024
0.09075712110370514	1.199	0.0242
0.09250245035569946	1.2113	0.0244
0.09424777960769379	1.2231	0.0247
0.09599310885968812	1.2345	0.0249
0.09773843811168245	1.2455	0.0251
0.0994837673636768	1.256	0.0254
0.10122909661567112	1.2661	0.0256
0.10297442586766545	1.2759	0.0258
0.10471975511965977	1.2854	0.0261
0.10646508437165408	1.2945	0.0263
0.10821041362364843	1.3034	0.0266
0.10995574287564275	1.3121	0.0268
0.1117010721276371	1.3205	0.0271
0.11344640137963143	1.3288	0.0274
0.11519173063162574	1.3369	0.0276
0.11693705988362009	1.3448	0.0279
0.11868238913561441	1.3525	0.0282
0.12042771838760874	1.3602	0.0285
0.12217304763960307	1.3677	0.0288
0.12391837689159739	1.3751	0.0291
0.12566370614359174	1.3823	0.0294
0.12740903539558604	1.3895	0.0297
0.12915436464758037	1.3966	0.03
0.1308996938995747	1.4035	0.0303
0.13264502315156904	1.4104	0.0306
0.1343903524035634	1.4171	0.031
0.1361356816555577	1.4238	0.0313
0.13788101090755203	1.4304	0.0317
0.13962634015954636	1.4369	0.032
0.14137166941154067	1.4433	0.0324
0.143116998663535	1.4496	0.0328
0.14486232791552936	1.4558	0.0332
0.1466076571675237	1.4619	0.0336
0.14835298641951802	1.468	0.034
0.15009831567151233	1.4739	0.0344
0.15184364492350666	1.4798	0.0348
0.15358897417550102	1.4856	0.0352
0.15533430342749532	1.4913	0.0357
0.15707963267948966	1.4969	0.0361
0.158824961931484	1.5025	0.0366
0.1605702911834783	1.508	0.0371
0.16231562043547265	1.5133	0.0375
0.16406094968746698	1.5186	0.038
0.1658062789394613	1.5238	0.0385
0.16755160819145562	1.529	0.039
0.16929693744344995	1.534	0.0396
0.1710422666954443	1.5389	0.0401
0.17278759594743864	1.5438	0.0406
0.17453292519943295	1.5486	0.0412
0.17627825445142728	1.5532	0.0418
0.17802358370342158	1.5578	0.0424
0.17976891295541597	1.5623	0.043
0.18151424220741028	1.5667	0.0436
0.1832595714594046	1.571	0.0442
0.1850049007113989	1.5751	0.0448
0.18675022996339324	1.5792	0.0455
0.18849555921538758	1.5831	0.0461
0.19024088846738194	1.587	0.0468
0.19198621771937624	1.5907	0.0475
0.19373154697137057	1.5942	0.0483
0.1954768762233649	1.5976	0.049
0.19722220547535924	1.6009	0.0498
0.1989675347273536	1.6041	0.0505
0.20071286397934787	1.607	0.0513
0.20245819323134223	1.6098	0.0522
0.20420352248333654	1.6125	0.053
0.2059488517353309	1.615	0.0539
0.2076941809873252	1.6173	0.0548
0.20943951023931953	1.6194	0.0557
0.2111848394913139	1.6212	0.0567
0.21293016874330817	1.6229	0.0577
0.21467549799530256	1.6243	0.0588
0.21642082724729686	1.6254	0.0599
0.2181661564992912	1.6263	0.061
0.2199114857512855	1.627	0.0621
0.22165681500327983	1.6276	0.0633
0.2234021442552742	1.6279	0.0645
0.22514747350726852	1.6282	0.0658
0.22689280275926285	1.6284	0.067
0.22863813201125716	1.6286	0.0683
0.2303834612632515	1.6289	0.0695
0.23212879051524585	1.6294	0.0707
0.23387411976724018	1.6302	0.0719
0.23561944901923448	1.6313	0.0731
0.23736477827122882	1.6328	0.0742
0.23911010752322312	1.6348	0.0752
0.24085543677521748	1.6375	0.0761
0.24260076602721178	1.6409	0.077
0.24434609527920614	1.6451	0.0777
0.24609142453120048	1.6501	0.0783
0.24783675378319478	1.656	0.0788
0.24958208303518914	1.6627	0.0792
0.25132741228718347	1.6702	0.0795
0.2530727415391778	1.6787	0.0797
0.2548180707911721	1.6883	0.0798
0.2565634000431664	1.699	0.0798
0.25830872929516074	1.7107	0.0797
0.26005405854715513	1.7138	0.0806
0.2617993877991494	1.7167	0.0815
0.26354471705114374	1.7226	0.082
0.26529004630313807	1.7262	0.0829
0.2670353755551324	1.7266	0.0841
0.2687807048071268	1.7282	0.0852
0.27052603405912107	1.731	0.0862
0.2722713633111154	1.7365	0.0867
0.2740166925631097	1.7472	0.0866
0.27576202181510406	1.7455	0.0882
0.2775073510670984	1.7452	0.0895
0.2792526803190927	1.7462	0.0907
0.28099800957108706	1.7486	0.0917
0.28274333882308134	1.7532	0.0923
0.2844886680750757	1.7665	0.0919
0.28623399732707	1.7633	0.0936
0.2879793265790644	1.7612	0.0952
0.2897246558310587	1.7602	0.0966
0.291469985083053	1.7602	0.0979
0.2932153143350474	1.7615	0.099
0.29496064358704166	1.7645	0.0999
0.29670597283903605	1.7736	0.0999
0.2984513020910304	1.7715	0.1015
0.30019663134302466	1.7679	0.1033
0.301941960595019	1.7652	0.105
0.3036872898470133	1.7633	0.1066
0.30543261909900765	1.7626	0.108
0.30717794835100204	1.7633	0.1092
0.3089232776029963	1.7662	0.11
0.31066860685499065	1.7716	0.1105
0.312413936106985	1.7672	0.1125
0.3141592653589793	1.7634	0.1145
0.31590459461097364	1.7605	0.1163
0.317649923862968	1.7584	0.118
0.3193952531149623	1.7573	0.1195
0.3211405823669566	1.7577	0.1208
0.32288591161895097	1.7601	0.1217
0.3246312408709453	1.766	0.122
0.32637657012293964	1.7614	0.1242
0.32812189937493397	1.7573	0.1263
0.32986722862692824	1.7538	0.1283
0.3316125578789226	1.7512	0.1301
0.33335788713091696	1.7497	0.1318
0.33510321638291124	1.7498	0.1332
0.3368485456349056	1.7529	0.1339
0.3385938748868999	1.7571	0.1345
0.34033920413889424	1.7517	0.1369
0.3420845333908886	1.7469	0.1392
0.3438298626428829	1.743	0.1414
0.3455751918948773	1.7402	0.1434
0.34732052114687156	1.7394	0.1449
0.3490658503988659	1.7435	0.1455
0.40491638646268446	1.429076859775595	0.18735210253449527
0.460766922526503	1.319497679036402	0.24068801743962237
0.5166174585903215	1.2338884869989402	0.2987566360876398
0.5724679946541401	1.1632207291078185	0.36083597656025235
0.6283185307179586	1.1016140244984665	0.4261542522754929
0.6841690667817771	1.0450895637842281	0.49389948548478296
0.7400196028455958	0.9908891517245231	0.5632296211595934
0.7958701389094143	0.9370814563780396	0.6332830152275923
0.8517206749732328	0.8823230830714411	0.7031891664538932
0.9075712110370513	0.8257072639867451	0.7720795582277902
0.9634217471008699	0.7666641319596016	0.8390984751470248
1.0192722831646883	0.7048923574582797	0.9034136596072059
1.075122819228507	0.6403103537165262	0.9642266755995773
1.1309733552923256	0.5730199431307463	1.0207828505710008
1.186823891356144	0.5032780871607372	1.0723806714603152
1.2426744274199626	0.43147390137919406	1.118380517829558
1.2985249634837812	0.35810917554969623	1.1582126232720558
1.3543754995475996	0.2837812517255486	1.191384165899196
1.4102260356114182	0.20916752593671525	1.2174853995637362
1.4660765716752369	0.13501111520342896	1.236194749434609
1.5219271077390553	0.06210742176882594	1.2472828084472343
1.5777776438028739	-0.006127039415692111	1.2505129092356908
1.6336281798666925	-0.056119560067434106	1.2452342829158571
1.689478715930511	-0.10742523254134491	1.232224552797187
1.7453292519943295	-0.15946567430811306	1.2116420671136803
1.8011797880581482	-0.21169240211331386	1.18373958742618
1.8570303241219666	-0.2635958311732871	1.148861149955058
1.9128808601857852	-0.31471482531373723	1.1074377891351888
1.9687313962496036	-0.3646469119881902	1.059982176659087
2.0245819323134224	-0.41305937884062305	1.0070822427920996
2.0804324683772406	-0.4597016141908991	0.9493938594292639
2.1362830044410592	-0.5044192670024452	0.8876326760587113
2.192133540504878	-0.5471711225243702	0.8225652103556592
2.2479840765686965	-0.5880500851327876	0.7549993044222992
2.303834612632515	-0.6273104463431591	0.6857740655966298
2.3596851486963333	-0.6654049013245322	0.6157494171787925
2.415535684760152	-0.7030369451079115	0.5457953892867354
2.4713862208239705	-0.7412380652652898	0.47678128329340536
2.527236756887789	-0.7814860216268016	0.4095648448747392
2.5830872929516078	-0.8258935536919548	0.3449815805919003
2.6389378290154264	-0.8775229453079432	0.2838343511436994
2.6947883650792446	-0.9409373025816978	0.2268833709783187
2.750638901143063	-1.0232260758416758	0.17483673889021945
2.806489437206882	-1.1360590277491924	0.12834161761159707
2.8623399732707004	-1.1684894117647056	0.08797617232037956
2.918190509334519	-0.9347915294117639	0.05424236852939544
2.9740410453983377	-0.7010936470588225	0.02755971911177891
3.029891581462156	-0.467395764705883	0.008260058389459646
3.0857421175259745	-0.2336978823529415	0.0001
3.141592653589793	0.0	0.0001
