Wortmann FX 63-137 airfoil data
80000.0
0
-3.141592653589793	0.0	0.06422753430982214
-3.0815533273211884	0.004284363636363623	0.06861454746664773
-3.021514001052583	0.008568727272727276	0.08171115747338843
-2.9614746747839784	0.075677668545582	0.1033250083271201
-2.901435348515373	0.14453796120420062	0.13313860120650586
-2.8413960222467685	0.20239311674392874	0.17071388938649718
-2.7813566959781637	0.25263019743226417	0.2154986180921534
-2.7213173697095585	0.29637947550555466	0.2668343178749768
-2.6612780434409538	0.3339656202857783	0.3239658362503297
-2.6012387171723486	0.3653963048614154	0.3860522701501306
-2.541199390903744	0.3905613228557532	0.4521791415407084
-2.481160064635139	0.4093257182816402	0.5213716406225566
-2.421120738366534	0.42157804651480546	0.5926087456250776
-2.361081412097929	0.4272572393573125	0.6648380155572456
-2.301042085829324	0.4263681141051891	0.7369908425567209
-2.241002759560719	0.41899020451563834	0.8079979438353645
-2.180963433292114	0.4052822563532914	0.8768048697441772
-2.120924107023509	0.3854836412854642	0.9423873042254408
-2.0608847807549044	0.35991340770967994	1.0037659368881873
-2.0008454544862992	0.32896741386090905	1.0600206920922086
-1.9408061282176945	0.2931138458178969	1.1103041096673454
-1.8807668019490895	0.25288734808251817	1.1538536840955858
-1.8207274756804845	0.20888195576102545	1.190002983967994
-1.7606881494118796	0.1617429984992777	1.2181913910809243
-1.7006488231432746	0.11215813816718731	1.2379723184035756
-1.6406094968746698	0.060847699701998825	1.2490197880456961
-1.5805701706060649	0.008554454463797625	1.2511332739647676
-1.5205308443374599	-0.06270489258320325	1.250694876475884
-1.460491518068855	-0.1365802681443674	1.2425403190024762
-1.40045219180025	-0.2083332124173309	1.2255730585253775
-1.340412865531645	-0.27692261568273663	1.2000786734194175
-1.2803735392630402	-0.341349352617801	1.1664651223356783
-1.2203342129944352	-0.4006703750580072	1.1252567219312026
-1.1602948867258303	-0.45401186902357443	1.077086450917818
-1.1002555604572253	-0.5005812485506735	1.0226866917862334
-1.0402162341886203	-0.5396777567262108	0.9628785440522092
-0.9801769079200154	-0.5707014358884064	0.8985598634327746
-0.9201375816514106	-0.5931602080516607	0.8306921996961095
-0.8600982553828056	-0.6066747625298174	0.7602868217748273
-0.8000589291142006	-0.6109808611429711	0.6883900318608037
-0.7400196028455958	-0.6059285060061315	0.6160679804213961
-0.6799802765769908	-0.5914770994951265	0.5443912012447654
-0.6199409503083858	-0.5676851138580667	0.47441908963284707
-0.5599016240397809	-0.534691559773103	0.40718454765667844
-0.49986229777117597	-0.49268395824920574	0.34367901795885697
-0.43982297150257105	-0.44184172630088847	0.284838121966989
-0.3797836452339661	-0.382229811019404	0.23152810965109613
-0.31974431896536115	-0.3135794991916919	0.18453331624295463
-0.25970499269675623	-0.23477649825818775	0.14454480680502327
-0.1996656664281513	-0.14244330997395588	0.11215037240035686
-0.13962634015954636	-0.0122	0.0886
-0.13788101090755203	-0.0055	0.0873
-0.1361356816555577	-0.0001	0.0863
-0.1343903524035634	-0.0137	0.0861
-0.13264502315156904	0.0045	0.0844
-0.1308996938995747	-0.0012	0.084
-0.12915436464758037	0.0037	0.0828
-0.12740903539558604	0.0106	0.0818
-0.12566370614359174	-0.0032	0.0815
-0.12391837689159739	0.013	0.08
-0.12217304763960307	0.0083	0.0796
-0.12042771838760874	0.0124	0.0785
-0.11868238913561441	0.0179	0.0776
-0.11693705988362009	0.0094	0.0771
-0.11519173063162574	0.0221	0.076
-0.11344640137963143	0.0013	0.0762
-0.1117010721276371	0.023	0.0745
-0.10995574287564275	0.01806666666666662	0.06986666666666662
-0.10821041362364843	0.01313333333333332	0.06523333333333332
-0.10646508437165408	0.00819999999999994	0.060599999999999946
-0.10471975511965977	0.00326666666666664	0.05596666666666664
-0.10297442586766545	-0.0016666666666666635	0.051333333333333335
-0.10122909661567112	-0.0066	0.0467
-0.0994837673636768	0.0017	0.0456
-0.09773843811168245	0.0325	0.0387
-0.09599310885968812	0.0464	0.0373
-0.09424777960769379	0.06	0.0361
-0.09250245035569946	0.0761	0.0346
-0.09075712110370514	0.0931	0.0334
-0.08901179185171079	0.1081	0.0324
-0.08726646259971647	0.1219	0.0316
-0.08552113334772216	0.1352	0.0309
-0.08377580409572781	0.1482	0.0302
-0.08203047484373349	0.1609	0.0296
-0.08028514559173915	0.1735	0.029
-0.07853981633974483	0.1858	0.0285
-0.07679448708775051	0.1981	0.028
-0.07504915783575616	0.2103	0.0275
-0.07330382858376185	0.2228	0.027
-0.0715584993317675	0.2344	0.0266
-0.06981317007977318	0.2449	0.0262
-0.06806784082777885	0.2562	0.0259
-0.06632251157578452	0.2675	0.0255
-0.06457718232379019	0.2779	0.0252
-0.06283185307179587	0.2892	0.0249
-0.061086523819801536	0.2998	0.0245
-0.059341194567807204	0.311	0.0242
-0.05759586531581287	0.3226	0.0239
-0.05585053606381855	0.3352	0.0236
-0.054105206811824215	0.3491	0.0232
-0.05235987755982988	0.3651	0.0227
-0.05061454830783556	0.3904	0.0218
-0.048869219055841226	0.399	0.0223
-0.047123889803846894	0.4066	0.0226
-0.04537856055185257	0.4139	0.0229
-0.04363323129985824	0.4216	0.0232
-0.041887902047863905	0.4283	0.0234
-0.04014257279586957	0.4365	0.0236
-0.038397243543875255	0.4423	0.0238
-0.03665191429188092	0.448	0.024
-0.03490658503988659	0.4537	0.0242
-0.03316125578789226	0.4593	0.0244
-0.031415926535897934	0.4651	0.0246
-0.029670597283903602	0.4718	0.0247
-0.027925268031909273	0.4765	0.0248
-0.02617993877991494	0.4814	0.0249
-0.024434609527920613	0.4865	0.025
-0.022689280275926284	0.4922	0.0251
-0.020943951023931952	0.4986	0.0252
-0.019198621771937627	0.506	0.0252
-0.017453292519943295	0.5119	0.0252
-0.015707963267948967	0.5187	0.0252
-0.013962634015954637	0.527	0.0252
-0.012217304763960306	0.5365	0.0252
-0.010471975511965976	0.5448	0.0251
-0.008726646259971648	0.5526	0.0251
-0.006981317007977318	0.5633	0.0251
-0.005235987755982988	0.5717	0.0251
-0.003490658503988659	0.5811	0.025
-0.0017453292519943296	0.5933	0.025
0.0	0.6007	0.025
0.0017453292519943296	0.61065	0.02495
0.003490658503988659	0.6206	0.0249
0.005235987755982988	0.631	0.0249
0.006981317007977318	0.6405	0.0249
0.008726646259971648	0.649	0.0249
0.010471975511965976	0.6602	0.0249
0.012217304763960306	0.6678	0.0249
0.013962634015954637	0.6783	0.0249
0.015707963267948967	0.6877	0.0249
0.017453292519943295	0.6977	0.0249
0.019198621771937627	0.7079	0.0249
0.020943951023931952	0.7171	0.0249
0.022689280275926284	0.7282	0.0249
0.024434609527920613	0.7363	0.0249
0.02617993877991494	0.7474	0.0249
0.027925268031909273	0.7553	0.0249
0.029670597283903602	0.765	0.025
0.031415926535897934	0.7742	0.025
0.03316125578789226	0.7823	0.025
0.03490658503988659	0.7917	0.025
0.03665191429188092	0.7999	0.025
0.038397243543875255	0.8076	0.025
0.04014257279586957	0.8163	0.0251
0.041887902047863905	0.825	0.0251
0.04363323129985824	0.8323	0.0251
0.04537856055185257	0.8403	0.0251
0.047123889803846894	0.8484	0.0252
0.048869219055841226	0.8564	0.0252
0.05061454830783556	0.8635	0.0252
0.05235987755982988	0.8706	0.0252
0.054105206811824215	0.8766	0.0252
0.05585053606381855	0.8825	0.0252
0.05759586531581287	0.8888	0.0251
0.059341194567807204	0.8956	0.0251
0.061086523819801536	0.9112	0.0253
0.06283185307179587	0.9265	0.0256
0.06457718232379019	0.9416	0.0258
0.06632251157578452	0.9564	0.026
0.06806784082777885	0.971	0.0262
0.06981317007977318	0.9853	0.0265
0.0715584993317675	0.9993	0.0267
0.07330382858376185	1.013	0.027
0.07504915783575616	1.0264	0.0272
0.07679448708775051	1.0394	0.0275
0.07853981633974483	1.0522	0.0277
0.08028514559173915	1.0645	0.028
0.08203047484373349	1.0766	0.0282
0.08377580409572781	1.0882	0.0285
0.08552113334772216	1.0995	0.0288
0.08726646259971647	1.1105	0.029
0.08901179185171079	1.1211	0.0293
0.09075712110370514	1.1314	0.0296
0.09250245035569946	1.1414	0.0299
0.09424777960769379	1.1511	0.0302
0.09599310885968812	1.1605	0.0305
0.09773843811168245	1.1697	0.0307
0.0994837673636768	1.1787	0.031
0.10122909661567112	1.1874	0.0314
0.10297442586766545	1.1959	0.0317
0.10471975511965977	1.2042	0.032
0.10646508437165408	1.2124	0.0323
0.10821041362364843	1.2204	0.0326
0.10995574287564275	1.2282	0.033
0.1117010721276371	1.2359	0.0333
0.11344640137963143	1.2435	0.0337
0.11519173063162574	1.2509	0.034
0.11693705988362009	1.2582	0.0344
0.11868238913561441	1.2654	0.0347
0.12042771838760874	1.2724	0.0351
0.12217304763960307	1.2794	0.0355
0.12391837689159739	1.2862	0.0359
0.12566370614359174	1.293	0.0363
0.12740903539558604	1.2996	0.0367
0.12915436464758037	1.3061	0.0371
0.1308996938995747	1.3125	0.0376
0.13264502315156904	1.3189	0.038
0.1343903524035634	1.3251	0.0385
0.1361356816555577	1.3312	0.0389
0.13788101090755203	1.3373	0.0394
0.13962634015954636	1.3432	0.0399
0.14137166941154067	1.3491	0.0403
0.143116998663535	1.3548	0.0408
0.14486232791552936	1.3605	0.0413
0.1466076571675237	1.366	0.0419
0.14835298641951802	1.3715	0.0424
0.15009831567151233	1.3768	0.0429
0.15184364492350666	1.3821	0.0435
0.15358897417550102	1.3873	0.044
0.15533430342749532	1.3924	0.0446
0.15707963267948966	1.3974	0.0452
0.158824961931484	1.4023	0.0458
0.1605702911834783	1.4071	0.0464
0.16231562043547265	1.4118	0.047
0.16406094968746698	1.4164	0.0477
0.1658062789394613	1.4209	0.0483
0.16755160819145562	1.4253	0.049
0.16929693744344995	1.4297	0.0497
0.1710422666954443	1.4339	0.0504
0.17278759594743864	1.438	0.0511
0.17453292519943295	1.442	0.0518
0.17627825445142728	1.446	0.0525
0.17802358370342158	1.4498	0.0533
0.17976891295541597	1.4535	0.054
0.18151424220741028	1.4571	0.0548
0.1832595714594046	1.4606	0.0556
0.1850049007113989	1.464	0.0564
0.18675022996339324	1.4673	0.0572
0.18849555921538758	1.4705	0.0581
0.19024088846738194	1.4736	0.0589
0.19198621771937624	1.4765	0.0598
0.19373154697137057	1.4794	0.0607
0.1954768762233649	1.4822	0.0616
0.19722220547535924	1.4849	0.0626
0.1989675347273536	1.4875	0.0635
0.20071286397934787	1.49	0.0645
0.20245819323134223	1.4924	0.0655
0.20420352248333654	1.4947	0.0665
0.2059488517353309	1.4969	0.0675
0.2076941809873252	1.4991	0.0686
0.20943951023931953	1.5011	0.0696
0.2111848394913139	1.503	0.0707
0.21293016874330817	1.5048	0.0718
0.21467549799530256	1.5065	0.073
0.21642082724729686	1.5081	0.0741
0.2181661564992912	1.5096	0.0753
0.2199114857512855	1.511	0.0765
0.22165681500327983	1.5124	0.0777
0.2234021442552742	1.5136	0.0789
0.22514747350726852	1.5147	0.0802
0.22689280275926285	1.5158	0.0814
0.22863813201125716	1.5169	0.0827
0.2303834612632515	1.5178	0.084
0.23212879051524585	1.5188	0.0853
0.23387411976724018	1.5197	0.0866
0.23561944901923448	1.5207	0.0879
0.23736477827122882	1.5217	0.0892
0.23911010752322312	1.5227	0.0904
0.24085543677521748	1.5239	0.0917
0.24260076602721178	1.5252	0.0929
0.24434609527920614	1.5267	0.0941
0.24609142453120048	1.5285	0.0953
0.24783675378319478	1.5306	0.0964
0.24958208303518914	1.533	0.0974
0.25132741228718347	1.536	0.0983
0.2530727415391778	1.5396	0.0991
0.2548180707911721	1.5438	0.0998
0.2565634000431664	1.5485	0.1004
0.25830872929516074	1.554	0.1009
0.26005405854715513	1.5602	0.1013
0.2617993877991494	1.5671	0.1015
0.26354471705114374	1.5748	0.1017
0.26529004630313807	1.5831	0.1017
0.2670353755551324	1.5921	0.1017
0.2687807048071268	1.6016	0.1016
0.27052603405912107	1.6115	0.1015
0.2722713633111154	1.6218	0.1013
0.2740166925631097	1.6322	0.1012
0.27576202181510406	1.6428	0.1011
0.2775073510670984	1.6532	0.1011
0.2792526803190927	1.6635	0.1012
0.28099800957108706	1.6736	0.1013
0.28274333882308134	1.6831	0.1016
0.2844886680750757	1.6917	0.102
0.28623399732707	1.6996	0.1026
0.2879793265790644	1.7065	0.1033
0.2897246558310587	1.7124	0.1041
0.291469985083053	1.7171	0.1051
0.2932153143350474	1.7205	0.1063
0.29496064358704166	1.7223	0.1077
0.29670597283903605	1.7225	0.1092
0.2984513020910304	1.7214	0.1109
0.30019663134302466	1.719	0.1128
0.301941960595019	1.7153	0.1149
0.3036872898470133	1.7102	0.1171
0.30543261909900765	1.7038	0.1196
0.30717794835100204	1.6958	0.1223
0.3089232776029963	1.686	0.1253
0.31066860685499065	1.6741	0.1286
0.312413936106985	1.6598	0.1325
0.3141592653589793	1.6417	0.1371
0.31590459461097364	1.6171	0.143
0.317649923862968	1.5672	0.1545
0.3193952531149623	1.51675	0.17149999999999999
0.3211405823669566	1.4663000000000015	0.18849999999999945
0.32288591161895097	1.4158499999999998	0.20550000000000002
0.3246312408709453	1.3654	0.2225
0.32637657012293964	1.3651	0.225
0.32812189937493397	1.365	0.2274
0.32986722862692824	1.3653	0.2296
0.3316125578789226	1.3657	0.2318
0.33335788713091696	1.3664	0.2339
0.33510321638291124	1.3672	0.236
0.3368485456349056	1.3681	0.238
0.3385938748868999	1.3691	0.2399
0.34033920413889424	1.3702	0.2418
0.3420845333908886	1.3714	0.2436
0.3438298626428829	1.3726	0.2454
0.3455751918948773	1.3739	0.2471
0.34732052114687156	1.3754	0.2488
0.3490658503988659	1.3769	0.2504
0.40491638646268446	1.3940428092696675	0.1962906324348988
0.460766922526503	1.290019792647924	0.24939875459562216
0.5166174585903215	1.2088837737937053	0.30721241631248597
0.5724679946541401	1.1419127406403953	0.36901043074315304
0.6283185307179586	1.0834228720802968	0.4340218886129387
0.6841690667817771	1.0295668523917274	0.5014357689760128
0.7400196028455958	0.977677491901822	0.570411050118299
0.7958701389094143	0.9258882059429766	0.6400871945712595
0.8517206749732328	0.8729027199226798	0.7095948775422322
0.9075712110370513	0.8178492025109931	0.7780668250324635
0.9634217471008699	0.7601840884134523	0.8446486265463246
1.0192722831646883	0.6996260957354657	0.9085093876114176
1.075122819228507	0.6361090671038508	0.9688520893254551
1.1309733552923256	0.5697467841326302	1.0249235257970355
1.186823891356144	0.50080551723519	1.0760236956082603
1.2426744274199626	0.42968163455934294	1.1215145302319387
1.2985249634837812	0.3568825566862773	1.1608278506000882
1.3543754995475996	0.2830099545440845	1.193472452640636
1.4102260356114182	0.2087444861317468	1.2190402334556127
1.4660765716752369	0.13483163424041153	1.2372112817715315
1.5219271077390553	0.062068390969142066	1.2477578692019429
1.5777776438028739	-0.006126482050434057	1.250580801526685
1.6336281798666925	-0.05607438408256281	1.2458449165323704
1.689478715930511	-0.10726377438025007	1.2333760234956062
1.7453292519943295	-0.15911552711449434	1.2133307840652927
1.8011797880581482	-0.21107991657884445	1.1859602844150707
1.8570303241219666	-0.2626455542554268	1.1516069018006552
1.9128808601857852	-0.31334884664899654	1.110700033288242
1.9687313962496036	-0.36278408061608747	1.0637507399037351
2.0245819323134224	-0.41061434212555564	1.0113453729707556
2.0804324683772406	-0.4565836150773139	0.9541382620913851
2.1362830044410592	-0.500530612576138	0.8928435559191659
2.192133540504878	-0.5424052024546391	0.8282263174334034
2.2479840765686965	-0.5822887666950141	0.7610929847154826
2.303834612632515	-0.6204205929462279	0.6922813161360989
2.3596851486963333	-0.657233635908217	0.6226499452883115
2.415535684760152	-0.6934050767777763	0.5530676758651211
2.4713862208239705	-0.7299307590536012	0.48440264992123383
2.527236756887789	-0.7682392064889245	0.4175115245363537
2.5830872929516078	-0.810373511124451	0.3532287917921755
2.6389378290154264	-0.8592945323851626	0.2923563751884308
2.6947883650792446	-0.9194122859223388	0.23565363217724108
2.750638901143063	-0.9975745301585325	0.18382788743254339
2.806489437206882	-1.105046865861035	0.13752561485561796
2.8623399732707004	-1.1348235294117643	0.09732437823118643
2.918190509334519	-0.9078588235294109	0.0637256309920076
2.9740410453983377	-0.6808941176470578	0.03714846484118961
3.029891581462156	-0.4539294117647064	0.017924385154086533
3.0857421175259745	-0.2269647058823532	0.006293178283041699
3.141592653589793	0.0	0.0023999222779283007
