Wortmann FX 63-137 airfoil data
95000.0
0
-3.141592653589793	0.0	0.05918789151969562
-3.0815533273211884	0.0009895890410958875	0.0635839852006401
-3.021514001052583	0.0019791780821917823	0.07670780405681575
-2.9614746747839784	0.0787687083473596	0.09836689403445481
-2.901435348515373	0.146807154700721	0.12824359328679463
-2.8413960222467685	0.20415864237966097	0.16589962767626343
-2.7813566959781637	0.2540515539975114	0.21078245144781216
-2.7213173697095585	0.2975482316867629	0.26223324165383655
-2.6612780434409538	0.33493944445683554	0.319496431065477
-2.6012387171723486	0.3662140881207347	0.381730642119903
-2.541199390903744	0.3912507392299253	0.4480208642480741
-2.481160064635139	0.40990734717887944	0.5173916989935595
-2.421120738366534	0.42206777623587993	0.5888214819285884
-2.361081412097929	0.4276677449849123	0.6612570777206166
-2.301042085829324	0.4267098064596802	0.7336291349835964
-2.241002759560719	0.4192718617743379	0.8048675809028819
-2.180963433292114	0.40551145739014904	0.8739171321471367
-2.120924107023509	0.38566707080203305	0.9397525983247659
-2.0608847807549044	0.36005707602066567	1.001393757210166
-2.0008454544862992	0.3290768184539001	1.0579195871136589
-1.9408061282176945	0.2931940923703356	1.1084816510099984
-1.8807668019490895	0.2529432427890253	1.152316439240703
-1.8207274756804845	0.20891807712861296	1.1887564925895415
-1.7606881494118796	0.16176375437571625	1.2172401450825934
-1.7006488231432746	0.11216781219544276	1.237319745731588
-1.6406094968746698	0.06085049035309064	1.248668240335727
-1.5805701706060649	0.008554509116922451	1.2510840180675014
-1.5205308443374599	-0.06270695844872638	1.2504416630600246
-1.460491518068855	-0.13659023259807207	1.2419855487629772
-1.40045219180025	-0.20835704442303332	1.224718730653352
-1.340412865531645	-0.27696638940129026	1.1989278666032452
-1.2803735392630402	-0.3414193005137151	1.1650219836665263
-1.2203342129944352	-0.40077295037258226	1.1235264519584107
-1.1602948867258303	-0.45415382175293145	1.0750752849080012
-1.1002555604572253	-0.5007697203658004	1.0204018772536378
-1.0402162341886203	-0.5399204022354254	0.9603283146412953
-0.9801769079200154	-0.5710065806197155	0.8957534092471426
-0.9201375816514106	-0.5935370581054582	0.8276396341806929
-0.8600982553828056	-0.60713368801342	0.7569991452706984
-0.8000589291142006	-0.6115337869872807	0.6848790919639268
-0.7400196028455958	-0.6065894627345938	0.6123464292881804
-0.6799802765769908	-0.5922630189055628	0.5404724499982734
-0.6199409503083858	-0.5686170120819221	0.47031726003396224
-0.5599016240397809	-0.5357963570271174	0.40291442121439064
-0.49986229777117597	-0.4939973941319851	0.33925598266305546
-0.43982297150257105	-0.4434132678667687	0.2802781168357172
-0.3797836452339661	-0.3841314436774517	0.22684756729210076
-0.31974431896536115	-0.3159227746981376	0.17974910363651594
-0.25970499269675623	-0.23774929277835402	0.13967416452146414
-0.1996656664281513	-0.14640185241465437	0.10721085247126849
-0.13962634015954636	0.0037	0.0847
-0.13788101090755203	0.0033	0.084
-0.1361356816555577	-0.0023	0.083
-0.1343903524035634	0.0099	0.0819
-0.13264502315156904	0.0034	0.0813
-0.1308996938995747	0.0074	0.0801
-0.12915436464758037	0.0153	0.0793
-0.12740903539558604	-0.003	0.0789
-0.12566370614359174	0.0151	0.0775
-0.12391837689159739	0.016266666666666676	0.07663333333333333
-0.12217304763960307	0.017433333333333332	0.07576666666666666
-0.12042771838760874	0.0186	0.0749
-0.11868238913561441	0.0211	0.0741
-0.11693705988362009	0.021055555555555557	0.07023333333333336
-0.11519173063162574	0.021011111111111112	0.06636666666666666
-0.11344640137963143	0.020966666666666668	0.06250000000000001
-0.1117010721276371	0.020922222222222224	0.058633333333333336
-0.10995574287564275	0.020877777777777776	0.05476666666666663
-0.10821041362364843	0.020833333333333332	0.05089999999999999
-0.10646508437165408	0.020788888888888888	0.04703333333333329
-0.10471975511965977	0.020744444444444444	0.043166666666666645
-0.10297442586766545	0.0207	0.0393
-0.10122909661567112	0.0316	0.0382
-0.0994837673636768	0.053	0.0354
-0.09773843811168245	0.0642	0.0345
-0.09599310885968812	0.0767	0.0335
-0.09424777960769379	0.0904	0.0324
-0.09250245035569946	0.1052	0.0314
-0.09075712110370514	0.1204	0.0304
-0.08901179185171079	0.1343	0.0296
-0.08726646259971647	0.1471	0.029
-0.08552113334772216	0.1595	0.0284
-0.08377580409572781	0.1718	0.0279
-0.08203047484373349	0.184	0.0274
-0.08028514559173915	0.1962	0.0269
-0.07853981633974483	0.2083	0.0265
-0.07679448708775051	0.2204	0.026
-0.07504915783575616	0.2324	0.0256
-0.07330382858376185	0.2447	0.0252
-0.0715584993317675	0.255	0.0248
-0.06981317007977318	0.2657	0.0245
-0.06806784082777885	0.277	0.0241
-0.06632251157578452	0.2882	0.0238
-0.06457718232379019	0.2988	0.0235
-0.06283185307179587	0.3101	0.0232
-0.061086523819801536	0.3213	0.0229
-0.059341194567807204	0.333	0.0226
-0.05759586531581287	0.3453	0.0223
-0.05585053606381855	0.3585	0.022
-0.054105206811824215	0.3734	0.0216
-0.05235987755982988	0.3917	0.0211
-0.05061454830783556	0.4156	0.0204
-0.048869219055841226	0.4255	0.0207
-0.047123889803846894	0.4353	0.021
-0.04537856055185257	0.4443	0.0212
-0.04363323129985824	0.4524	0.0214
-0.041887902047863905	0.4607	0.0216
-0.04014257279586957	0.47	0.0218
-0.038397243543875255	0.4779	0.022
-0.03665191429188092	0.4855	0.0221
-0.03490658503988659	0.4928	0.0223
-0.03316125578789226	0.4999	0.0224
-0.031415926535897934	0.5068	0.0226
-0.029670597283903602	0.5136	0.0227
-0.027925268031909273	0.5205	0.0229
-0.02617993877991494	0.5274	0.023
-0.024434609527920613	0.5345	0.0231
-0.022689280275926284	0.5418	0.0232
-0.020943951023931952	0.5499	0.0233
-0.019198621771937627	0.5554	0.0233
-0.017453292519943295	0.5635	0.0233
-0.015707963267948967	0.5729	0.0234
-0.013962634015954637	0.5819	0.0234
-0.012217304763960306	0.5894	0.0234
-0.010471975511965976	0.6	0.0234
-0.008726646259971648	0.6089	0.0234
-0.006981317007977318	0.6187	0.0234
-0.005235987755982988	0.6297	0.0234
-0.003490658503988659	0.6383	0.0234
-0.0017453292519943296	0.6504	0.0234
0.0	0.6587	0.0234
0.0017453292519943296	0.6706	0.0234
0.003490658503988659	0.6789	0.0234
0.005235987755982988	0.691	0.0234
0.006981317007977318	0.6983	0.0234
0.008726646259971648	0.7099	0.0234
0.010471975511965976	0.7178	0.0234
0.012217304763960306	0.7292	0.0235
0.013962634015954637	0.7378	0.0235
0.015707963267948967	0.7495	0.0235
0.017453292519943295	0.7582	0.0235
0.019198621771937627	0.7701	0.0236
0.020943951023931952	0.7785	0.0236
0.022689280275926284	0.7906	0.0236
0.024434609527920613	0.7987	0.0236
0.02617993877991494	0.8105	0.0237
0.027925268031909273	0.8185	0.0237
0.029670597283903602	0.8301	0.0237
0.031415926535897934	0.8379	0.0238
0.03316125578789226	0.8488	0.0238
0.03490658503988659	0.8569	0.0238
0.03665191429188092	0.8668	0.0239
0.038397243543875255	0.8757	0.0239
0.04014257279586957	0.8845	0.024
0.041887902047863905	0.8945	0.024
0.04363323129985824	0.9023	0.0241
0.04537856055185257	0.9121	0.0241
0.047123889803846894	0.9202	0.0242
0.048869219055841226	0.9289	0.0242
0.05061454830783556	0.9382	0.0243
0.05235987755982988	0.9455	0.0243
0.054105206811824215	0.9539	0.0244
0.05585053606381855	0.96175	0.024450000000000003
0.05759586531581287	0.9696	0.0245
0.059341194567807204	0.9769	0.0245
0.061086523819801536	0.9842	0.0245
0.06283185307179587	0.9909	0.0246
0.06457718232379019	0.9971	0.0246
0.06632251157578452	1.0027	0.0246
0.06806784082777885	1.0074	0.0246
0.06981317007977318	1.0119	0.0246
0.0715584993317675	1.0223	0.0246
0.07330382858376185	1.0368	0.0249
0.07504915783575616	1.051	0.0251
0.07679448708775051	1.0649	0.0253
0.07853981633974483	1.0786	0.0256
0.08028514559173915	1.0918	0.0258
0.08203047484373349	1.1048	0.026
0.08377580409572781	1.1173	0.0263
0.08552113334772216	1.1296	0.0265
0.08726646259971647	1.1414	0.0268
0.08901179185171079	1.1528	0.027
0.09075712110370514	1.1639	0.0273
0.09250245035569946	1.1746	0.0275
0.09424777960769379	1.185	0.0278
0.09599310885968812	1.195	0.028
0.09773843811168245	1.2047	0.0283
0.0994837673636768	1.2142	0.0286
0.10122909661567112	1.2234	0.0288
0.10297442586766545	1.2323	0.0291
0.10471975511965977	1.241	0.0294
0.10646508437165408	1.2495	0.0297
0.10821041362364843	1.2578	0.03
0.10995574287564275	1.266	0.0303
0.1117010721276371	1.2739	0.0306
0.11344640137963143	1.2817	0.0309
0.11519173063162574	1.2894	0.0312
0.11693705988362009	1.2969	0.0315
0.11868238913561441	1.3043	0.0318
0.12042771838760874	1.3116	0.0322
0.12217304763960307	1.3188	0.0325
0.12391837689159739	1.3258	0.0329
0.12566370614359174	1.3328	0.0332
0.12740903539558604	1.3396	0.0336
0.12915436464758037	1.3464	0.034
0.1308996938995747	1.353	0.0343
0.13264502315156904	1.3595	0.0347
0.1343903524035634	1.366	0.0351
0.1361356816555577	1.3723	0.0355
0.13788101090755203	1.3786	0.0359
0.13962634015954636	1.3847	0.0364
0.14137166941154067	1.3908	0.0368
0.143116998663535	1.3968	0.0372
0.14486232791552936	1.4027	0.0377
0.1466076571675237	1.4085	0.0381
0.14835298641951802	1.4142	0.0386
0.15009831567151233	1.4198	0.0391
0.15184364492350666	1.4254	0.0396
0.15358897417550102	1.4308	0.0401
0.15533430342749532	1.4361	0.0406
0.15707963267948966	1.4414	0.0411
0.158824961931484	1.4465	0.0417
0.1605702911834783	1.4516	0.0422
0.16231562043547265	1.4566	0.0428
0.16406094968746698	1.4614	0.0433
0.1658062789394613	1.4662	0.0439
0.16755160819145562	1.4709	0.0445
0.16929693744344995	1.4755	0.0451
0.1710422666954443	1.48	0.0457
0.17278759594743864	1.4844	0.0464
0.17453292519943295	1.4887	0.047
0.17627825445142728	1.4929	0.0477
0.17802358370342158	1.497	0.0483
0.17976891295541597	1.5011	0.049
0.18151424220741028	1.505	0.0497
0.1832595714594046	1.5088	0.0504
0.1850049007113989	1.5125	0.0512
0.18675022996339324	1.5161	0.0519
0.18849555921538758	1.5196	0.0527
0.19024088846738194	1.523	0.0535
0.19198621771937624	1.5263	0.0543
0.19373154697137057	1.5294	0.0551
0.1954768762233649	1.5324	0.0559
0.19722220547535924	1.5354	0.0568
0.1989675347273536	1.5382	0.0576
0.20071286397934787	1.5408	0.0585
0.20245819323134223	1.5434	0.0595
0.20420352248333654	1.5459	0.0604
0.2059488517353309	1.5482	0.0614
0.2076941809873252	1.5504	0.0623
0.20943951023931953	1.5525	0.0633
0.2111848394913139	1.5544	0.0644
0.21293016874330817	1.5562	0.0654
0.21467549799530256	1.5579	0.0665
0.21642082724729686	1.5595	0.0676
0.2181661564992912	1.5609	0.0687
0.2199114857512855	1.5622	0.0699
0.22165681500327983	1.5634	0.071
0.2234021442552742	1.5644	0.0722
0.22514747350726852	1.5653	0.0734
0.22689280275926285	1.5661	0.0747
0.22863813201125716	1.5669	0.0759
0.2303834612632515	1.5675	0.0772
0.23212879051524585	1.5681	0.0785
0.23387411976724018	1.5687	0.0798
0.23561944901923448	1.5694	0.0811
0.23736477827122882	1.5702	0.0823
0.23911010752322312	1.5712	0.0835
0.24085543677521748	1.5724	0.0847
0.24260076602721178	1.574	0.0859
0.24434609527920614	1.5759	0.087
0.24609142453120048	1.5783	0.0879
0.24783675378319478	1.5813	0.0888
0.24958208303518914	1.585	0.0896
0.25132741228718347	1.5893	0.0903
0.2530727415391778	1.5943	0.0909
0.2548180707911721	1.6001	0.0914
0.2565634000431664	1.6068	0.0917
0.25830872929516074	1.6141	0.0919
0.26005405854715513	1.6222	0.0921
0.2617993877991494	1.6311	0.0921
0.26354471705114374	1.6408	0.0921
0.26529004630313807	1.6511	0.0921
0.2670353755551324	1.662	0.0919
0.2687807048071268	1.6734	0.0918
0.27052603405912107	1.6851	0.0917
0.2722713633111154	1.6968	0.0917
0.2740166925631097	1.7085	0.0917
0.27576202181510406	1.72	0.0918
0.2775073510670984	1.7313	0.092
0.2792526803190927	1.7422	0.0923
0.28099800957108706	1.7524	0.0927
0.28274333882308134	1.7614	0.0933
0.2844886680750757	1.769	0.0941
0.28623399732707	1.7751	0.095
0.2879793265790644	1.7799	0.096
0.2897246558310587	1.781	0.0974
0.291469985083053	1.7793	0.0988
0.2932153143350474	1.7807	0.0998
0.29496064358704166	1.8037	0.0984
0.29670597283903605	1.7961	0.1004
0.2984513020910304	1.7888	0.1025
0.30019663134302466	1.7818	0.1046
0.301941960595019	1.7754	0.1067
0.3036872898470133	1.7697	0.1087
0.30543261909900765	1.765	0.1106
0.30717794835100204	1.7628	0.1122
0.3089232776029963	1.7712	0.1122
0.31066860685499065	1.7867	0.1114
0.312413936106985	1.7776	0.1139
0.3141592653589793	1.7685	0.1164
0.31590459461097364	1.7594	0.119
0.317649923862968	1.7502	0.1217
0.3193952531149623	1.7406	0.1245
0.3211405823669566	1.7307	0.1274
0.32288591161895097	1.7202	0.1304
0.3246312408709453	1.7089	0.1338
0.32637657012293964	1.6966	0.1373
0.32812189937493397	1.6833	0.1412
0.32986722862692824	1.6691	0.1453
0.3316125578789226	1.6545	0.1497
0.33335788713091696	1.6396	0.1543
0.33510321638291124	1.625	0.159
0.3368485456349056	1.6543500000000009	0.15419999999999984
0.3385938748868999	1.6837	0.1494
0.34033920413889424	1.676999402569438	0.1502857672735439
0.3420845333908886	1.6702988051388756	0.1511715345470878
0.3438298626428829	1.6635982077083138	0.15205730182063165
0.3455751918948773	1.6568976102777517	0.15294306909417557
0.34732052114687156	1.65019701284719	0.15382883636771943
0.3490658503988659	1.6434964154166278	0.1547146036412633
0.40491638646268446	1.446831900891881	0.18748090475783669
0.460766922526503	1.3338407754837085	0.2407670133261889
0.5166174585903215	1.2456747281190845	0.2987840383291467
0.5724679946541401	1.173006323903193	0.36081087410137497
0.6283185307179586	1.1097839523263815	0.4260766092604184
0.6841690667817771	1.0519241624057856	0.49377012670883746
0.7400196028455958	0.996601410314798	0.5630502044365784
0.7958701389094143	0.9418391384891217	0.6330559912809294
0.8517206749732328	0.886262487173829	0.7029177271262903
0.9075712110370513	0.8289421285129286	0.7717675739770925
0.9634217471008699	0.7692915954815797	0.8387504229526219
1.0192722831646883	0.70699706588025	0.9030345425494981
1.075122819228507	0.6419673647582222	0.9638219354925132
1.1309733552923256	0.5742968295984833	1.0203582751228737
1.186823891356144	0.5042364949324778	1.0719422975094677
1.2426744274199626	0.4321707299674689	1.117934532248372
1.2985249634837812	0.35859749425560605	1.157765263154021
1.3543754995475996	0.2841110293571832	1.1909416196396376
1.4102260356114182	0.20938622920138916	1.2170537104152004
1.4660765716752369	0.13516421572147944	1.2357797230634284
1.5219271077390553	0.062284140838340586	1.2468880824373603
1.5777776438028739	-0.006211388808690138	1.2501432264332115
1.6336281798666925	-0.056193243513005385	1.2448640093416097
1.689478715930511	-0.1075220195005674	1.2318578533694218
1.7453292519943295	-0.15961994241850347	1.2112826143634952
1.8011797880581482	-0.21193931887178663	1.1833905186296672
1.8570303241219666	-0.2639715594392796	1.1485250353123506
1.9128808601857852	-0.31525676816054155	1.1071166113788693
1.9687313962496036	-0.3653940157614146	1.0596773222782212
2.0245819323134224	-0.4140525183175668	1.0067945048596691
2.0804324683772406	-0.4609840912026207	0.9491234518231839
2.1362830044410592	-0.5060374649535136	0.8873792586731316
2.192133540504878	-0.5491753758219515	0.8223279247129299
2.2479840765686965	-0.5904958477453954	0.7547768189198909
2.303834612632515	-0.6302598828290155	0.6855646294602309
2.3596851486963333	-0.6689290858625889	0.6155509220454577
2.415535684760152	-0.7072189557625661	0.5456054372126896
2.4713862208239705	-0.746177432511302	0.47659725987207724
2.527236756887789	-0.7873052915227485	0.4093839960635945
2.5830872929516078	-0.8327482785528801	0.34480109178312773
2.6389378290154264	-0.8856174817088995	0.28365142697489204
2.6947883650792446	-0.9505509905166871	0.22669531436566928
2.750638901143063	-1.034759245468282	0.1746410277787351
2.806489437206882	-1.1475848588543902	0.1281359779743327
2.8623399732707004	-1.1953514792899407	0.08775864600118691
2.918190509334519	-0.9562811834319521	0.05401137461027287
2.9740410453983377	-0.7172108875739636	0.027314107595296674
3.029891581462156	-0.478140591715977	0.008027386025686117
3.0857421175259745	-0.2390702958579885	0.0001
3.141592653589793	0.0	0.0001
