Wortmann FX 63-137 airfoil data
90000.0
0
-3.141592653589793	0.0	0.06126253497226969
-3.0815533273211884	0.001742631578947363	0.06565489052122868
-3.021514001052583	0.0034852631578947387	0.07876750845232233
-2.9614746747839784	0.07362621034199908	0.10040797507586205
-2.901435348515373	0.14303194513437306	0.13025869565691164
-2.8413960222467685	0.2012213744561148	0.16788148967562622
-2.7813566959781637	0.251686872928867	0.21272393116321975
-2.7213173697095585	0.29560379657235264	0.2641273426952207
-2.6612780434409538	0.3333193136340769	0.3213363277783594
-2.6012387171723486	0.36485355928592367	0.3835097041825829
-2.541199390903744	0.39010377168618676	0.44973268056490767
-2.481160064635139	0.40893970339694147	0.5190301007982276
-2.421120738366534	0.42125302318341423	0.5903805650140973
-2.361081412097929	0.42698479539302836	0.6627312237159225
-2.301042085829324	0.42614134006516574	0.735013031600181
-2.241002759560719	0.4188032745079349	0.8061562410783172
-2.180963433292114	0.4051301404384265	0.8751059120166523
-2.120924107023509	0.385361902967398	0.9408372139560568
-2.0608847807549044	0.3598180580687607	1.0023703000411337
-2.0008454544862992	0.3288948043300735	1.0587845380374543
-1.9408061282176945	0.2930605878662474	1.1092318930566092
-1.8807668019490895	0.25285025193961663	1.1529492688093848
-1.8207274756804845	0.20885798276791823	1.1892696291916163
-1.7606881494118796	0.16172922325996572	1.2176317395595058
-1.7006488231432746	0.11215171771779195	1.2375883869186024
-1.6406094968746698	0.060845847605473784	1.2488129601472548
-1.5805701706060649	0.008554418191666413	1.2511042949857314
-1.5205308443374599	-0.06270352151163941	1.2505459021057652
-1.460491518068855	-0.13657365494570045	1.2422139281329028
-1.40045219180025	-0.20831739561562618	1.2250704273508881
-1.340412865531645	-0.27689356398499515	1.1994016132408098
-1.2803735392630402	-0.34130292966821174	1.1656160730327365
-1.2203342129944352	-0.40060229797583924	1.1242387431702543
-1.1602948867258303	-0.4539176579781543	1.0759032111258038
-1.1002555604572253	-0.5004561637649443	1.0213424549310244
-1.0402162341886203	-0.5395167179973809	0.9613781542768107
-0.9801769079200154	-0.5704989177383767	0.896908727598788
-0.9201375816514106	-0.592910100584931	0.8288962678993603
-0.8600982553828056	-0.6063701833239371	0.7583525659033742
-0.8000589291142006	-0.6106138958717282	0.6863244222725962
-0.7400196028455958	-0.6054898429057607	0.6138784608256282
-0.6799802765769908	-0.5909555012869872	0.5420856618774424
-0.6199409503083858	-0.5670666325770645	0.47200583882323144
-0.5599016240397809	-0.5339583290367209	0.404672281887078
-0.49986229777117597	-0.4918122584363924	0.34107679052565165
-0.43982297150257105	-0.44079872716650575	0.28215531035582775
-0.3797836452339661	-0.38096773735917167	0.22877438174383327
-0.31974431896536115	-0.31202431644762363	0.18171859547810362
-0.25970499269675623	-0.2328035169648203	0.14167923641727656
-0.1996656664281513	-0.13981610848676312	0.10924427886803997
-0.13962634015954636	0.0026	0.0858
-0.13788101090755203	-0.0028	0.0852
-0.1361356816555577	-0.0003	0.084
-0.1343903524035634	0.0085	0.083
-0.13264502315156904	-0.0055	0.0826
-0.1308996938995747	0.0097	0.0812
-0.12915436464758037	0.0119	0.0804
-0.12740903539558604	0.0014	0.0797
-0.12566370614359174	0.0159	0.0785
-0.12391837689159739	0.0128	0.0779
-0.12217304763960307	0.0094	0.077
-0.12042771838760874	0.0203	0.0759
-0.11868238913561441	0.0079	0.0756
-0.11693705988362009	0.0155	0.0744
-0.11519173063162574	0.014174999999999988	0.07051249999999996
-0.11344640137963143	0.012849999999999997	0.06662499999999999
-0.1117010721276371	0.011524999999999997	0.06273749999999999
-0.10995574287564275	0.010199999999999983	0.05884999999999995
-0.10821041362364843	0.008874999999999994	0.05496249999999998
-0.10646508437165408	0.00754999999999998	0.05107499999999994
-0.10471975511965977	0.006224999999999991	0.047187499999999966
-0.10297442586766545	0.0049	0.0433
-0.10122909661567112	0.02260000000000007	0.04029999999999999
-0.0994837673636768	0.0403	0.0373
-0.09773843811168245	0.052	0.0362
-0.09599310885968812	0.0669	0.0347
-0.09424777960769379	0.0872	0.033
-0.09250245035569946	0.0997	0.0321
-0.09075712110370514	0.1128	0.0313
-0.08901179185171079	0.1262	0.0305
-0.08726646259971647	0.1398	0.0298
-0.08552113334772216	0.1532	0.0292
-0.08377580409572781	0.1665	0.0286
-0.08203047484373349	0.1798	0.028
-0.08028514559173915	0.192	0.0275
-0.07853981633974483	0.203	0.027
-0.07679448708775051	0.2143	0.0266
-0.07504915783575616	0.2257	0.0261
-0.07330382858376185	0.2372	0.0257
-0.0715584993317675	0.2489	0.0254
-0.06981317007977318	0.2607	0.025
-0.06806784082777885	0.2709	0.0246
-0.06632251157578452	0.2819	0.0243
-0.06457718232379019	0.293	0.024
-0.06283185307179587	0.3038	0.0237
-0.061086523819801536	0.315	0.0234
-0.059341194567807204	0.3266	0.0231
-0.05759586531581287	0.3386	0.0228
-0.05585053606381855	0.3517	0.0225
-0.054105206811824215	0.3662	0.0221
-0.05235987755982988	0.3839	0.0216
-0.05061454830783556	0.4082	0.0208
-0.048869219055841226	0.4177	0.0212
-0.047123889803846894	0.4265	0.0215
-0.04537856055185257	0.4352	0.0217
-0.04363323129985824	0.4432	0.022
-0.041887902047863905	0.452	0.0222
-0.04014257279586957	0.4594	0.0224
-0.038397243543875255	0.4668	0.0225
-0.03665191429188092	0.4739	0.0227
-0.03490658503988659	0.4809	0.0229
-0.03316125578789226	0.4876	0.023
-0.031415926535897934	0.4942	0.0232
-0.029670597283903602	0.5007	0.0233
-0.027925268031909273	0.5073	0.0235
-0.02617993877991494	0.5137	0.0236
-0.024434609527920613	0.5198	0.0237
-0.022689280275926284	0.5259	0.0238
-0.020943951023931952	0.5327	0.0238
-0.019198621771937627	0.5403	0.0239
-0.017453292519943295	0.5492	0.0239
-0.015707963267948967	0.559	0.0239
-0.013962634015954637	0.5648	0.0239
-0.012217304763960306	0.5741	0.024
-0.010471975511965976	0.5853	0.024
-0.008726646259971648	0.5923	0.0239
-0.006981317007977318	0.603	0.0239
-0.005235987755982988	0.612	0.0239
-0.003490658503988659	0.6221	0.0239
-0.0017453292519943296	0.6326	0.0239
0.0	0.6422	0.0239
0.0017453292519943296	0.6531	0.0239
0.003490658503988659	0.6622	0.0239
0.005235987755982988	0.6739	0.0239
0.006981317007977318	0.6814	0.0239
0.008726646259971648	0.6928	0.0239
0.010471975511965976	0.7007	0.0239
0.012217304763960306	0.7116	0.0239
0.013962634015954637	0.7205	0.0239
0.015707963267948967	0.7315	0.0239
0.017453292519943295	0.7408	0.0239
0.019198621771937627	0.7519	0.024
0.020943951023931952	0.761	0.024
0.022689280275926284	0.772	0.024
0.024434609527920613	0.781	0.024
0.02617993877991494	0.7917	0.0241
0.027925268031909273	0.8008	0.0241
0.029670597283903602	0.811	0.0241
0.031415926535897934	0.8204	0.0241
0.03316125578789226	0.8295	0.0242
0.03490658503988659	0.8398	0.0242
0.03665191429188092	0.8474	0.0242
0.038397243543875255	0.857	0.0243
0.04014257279586957	0.8654	0.0243
0.041887902047863905	0.8739	0.0244
0.04363323129985824	0.8839	0.0244
0.04537856055185257	0.8912	0.0244
0.047123889803846894	0.9	0.0245
0.048869219055841226	0.9089	0.0245
0.05061454830783556	0.9163	0.0246
0.05235987755982988	0.9246	0.02465
0.054105206811824215	0.9329	0.0247
0.05585053606381855	0.9403	0.0247
0.05759586531581287	0.9473	0.0247
0.059341194567807204	0.9541	0.0248
0.061086523819801536	0.9605	0.0248
0.06283185307179587	0.9664	0.0248
0.06457718232379019	0.9711	0.0248
0.06632251157578452	0.9763	0.0247
0.06806784082777885	0.9867	0.0248
0.06981317007977318	1.0015	0.025
0.0715584993317675	1.0161	0.0253
0.07330382858376185	1.0304	0.0255
0.07504915783575616	1.0443	0.0257
0.07679448708775051	1.058	0.026
0.07853981633974483	1.0714	0.0262
0.08028514559173915	1.0844	0.0264
0.08203047484373349	1.097	0.0267
0.08377580409572781	1.1093	0.0269
0.08552113334772216	1.1212	0.0272
0.08726646259971647	1.1328	0.0274
0.08901179185171079	1.1439	0.0277
0.09075712110370514	1.1548	0.0279
0.09250245035569946	1.1652	0.0282
0.09424777960769379	1.1754	0.0285
0.09599310885968812	1.1852	0.0287
0.09773843811168245	1.1947	0.029
0.0994837673636768	1.204	0.0293
0.10122909661567112	1.213	0.0296
0.10297442586766545	1.2218	0.0298
0.10471975511965977	1.2304	0.0301
0.10646508437165408	1.2388	0.0304
0.10821041362364843	1.247	0.0307
0.10995574287564275	1.2551	0.031
0.1117010721276371	1.263	0.0314
0.11344640137963143	1.2707	0.0317
0.11519173063162574	1.2783	0.032
0.11693705988362009	1.2858	0.0323
0.11868238913561441	1.2932	0.0327
0.12042771838760874	1.3004	0.033
0.12217304763960307	1.3075	0.0334
0.12391837689159739	1.3145	0.0337
0.12566370614359174	1.3213	0.0341
0.12740903539558604	1.3281	0.0345
0.12915436464758037	1.3348	0.0349
0.1308996938995747	1.3413	0.0353
0.13264502315156904	1.3478	0.0357
0.1343903524035634	1.3542	0.0361
0.1361356816555577	1.3604	0.0365
0.13788101090755203	1.3666	0.0369
0.13962634015954636	1.3727	0.0374
0.14137166941154067	1.3787	0.0378
0.143116998663535	1.3846	0.0383
0.14486232791552936	1.3905	0.0387
0.1466076571675237	1.3962	0.0392
0.14835298641951802	1.4018	0.0397
0.15009831567151233	1.4074	0.0402
0.15184364492350666	1.4128	0.0407
0.15358897417550102	1.4182	0.0412
0.15533430342749532	1.4234	0.0417
0.15707963267948966	1.4286	0.0423
0.158824961931484	1.4337	0.0428
0.1605702911834783	1.4387	0.0434
0.16231562043547265	1.4436	0.044
0.16406094968746698	1.4484	0.0446
0.1658062789394613	1.4531	0.0452
0.16755160819145562	1.4577	0.0458
0.16929693744344995	1.4622	0.0464
0.1710422666954443	1.46655	0.04705
0.17278759594743864	1.4709	0.0477
0.17453292519943295	1.4751	0.0484
0.17627825445142728	1.4792	0.0491
0.17802358370342158	1.4832	0.0498
0.17976891295541597	1.4872	0.0505
0.18151424220741028	1.491	0.0512
0.1832595714594046	1.4947	0.0519
0.1850049007113989	1.4983	0.0527
0.18675022996339324	1.5018	0.0535
0.18849555921538758	1.5052	0.0542
0.19024088846738194	1.5085	0.055
0.19198621771937624	1.5116	0.0559
0.19373154697137057	1.5147	0.0567
0.1954768762233649	1.5177	0.0576
0.19722220547535924	1.5206	0.0584
0.1989675347273536	1.5233	0.0593
0.20071286397934787	1.526	0.0603
0.20245819323134223	1.5285	0.0612
0.20420352248333654	1.5309	0.0621
0.2059488517353309	1.5332	0.0631
0.2076941809873252	1.5354	0.0641
0.20943951023931953	1.5374	0.0651
0.2111848394913139	1.5393	0.0662
0.21293016874330817	1.5411	0.0673
0.21467549799530256	1.5428	0.0684
0.21642082724729686	1.5444	0.0695
0.2181661564992912	1.5458	0.0706
0.2199114857512855	1.5471	0.0718
0.22165681500327983	1.5483	0.073
0.2234021442552742	1.5494	0.0742
0.22514747350726852	1.5504	0.0754
0.22689280275926285	1.5513	0.0766
0.22863813201125716	1.5521	0.0779
0.2303834612632515	1.5528	0.0792
0.23212879051524585	1.5536	0.0805
0.23387411976724018	1.5543	0.0818
0.23561944901923448	1.555	0.083
0.23736477827122882	1.5559	0.0843
0.23911010752322312	1.5569	0.0856
0.24085543677521748	1.558	0.0868
0.24260076602721178	1.5594	0.0879
0.24434609527920614	1.5612	0.0891
0.24609142453120048	1.5633	0.0901
0.24783675378319478	1.5659	0.0911
0.24958208303518914	1.5692	0.092
0.25132741228718347	1.573	0.0927
0.2530727415391778	1.5776	0.0934
0.2548180707911721	1.5829	0.0939
0.2565634000431664	1.5889	0.0943
0.25830872929516074	1.5958	0.0946
0.26005405854715513	1.6033	0.0948
0.2617993877991494	1.6116	0.0949
0.26354471705114374	1.6207	0.0949
0.26529004630313807	1.6304	0.0948
0.2670353755551324	1.6406	0.0948
0.2687807048071268	1.6513	0.0946
0.27052603405912107	1.6624	0.0945
0.2722713633111154	1.6739	0.0944
0.2740166925631097	1.6854	0.0944
0.27576202181510406	1.6966	0.0944
0.2775073510670984	1.7075	0.0946
0.2792526803190927	1.7181	0.0948
0.28099800957108706	1.7281	0.0951
0.28274333882308134	1.7377	0.0956
0.2844886680750757	1.7462	0.0962
0.28623399732707	1.7533	0.097
0.2879793265790644	1.7588	0.0979
0.2897246558310587	1.7629	0.0991
0.291469985083053	1.7656	0.1003
0.2932153143350474	1.767	0.1017
0.29496064358704166	1.7671	0.1033
0.29670597283903605	1.7659	0.105
0.2984513020910304	1.7634	0.1068
0.30019663134302466	1.7595	0.1088
0.301941960595019	1.7529	0.1109
0.3036872898470133	1.747	0.113
0.30543261909900765	1.7447	0.1146
0.30717794835100204	1.7756	0.1116
0.3089232776029963	1.7658	0.1141
0.31066860685499065	1.7558	0.1168
0.312413936106985	1.7456	0.1195
0.3141592653589793	1.7351	0.1224
0.31590459461097364	1.7241	0.1255
0.317649923862968	1.7125	0.1287
0.3193952531149623	1.7003	0.1321
0.3211405823669566	1.6875	0.1357
0.32288591161895097	1.6743	0.1395
0.3246312408709453	1.6607	0.1435
0.32637657012293964	1.647	0.1476
0.32812189937493397	1.6430196231872276	0.14834741557089723
0.32986722862692824	1.6390392463744552	0.1490948311417944
0.3316125578789226	1.6350588695616826	0.1498422467126916
0.33335788713091696	1.63107849274891	0.15058966228358883
0.33510321638291124	1.6270981159361375	0.15133707785448602
0.3368485456349056	1.6231177391233649	0.15208449342538324
0.3385938748868999	1.6191373623105925	0.15283190899628044
0.34033920413889424	1.61515698549782	0.15357932456717763
0.3420845333908886	1.6111766086850474	0.15432674013807487
0.3438298626428829	1.607196231872275	0.15507415570897204
0.3455751918948773	1.6032158550595024	0.1558215712798693
0.34732052114687156	1.59923547824673	0.15656898685076645
0.3490658503988659	1.5952551014339575	0.15731640242166367
0.40491638646268446	1.4674366106193577	0.19208988434340518
0.460766922526503	1.3507460214777354	0.24523586789577023
0.5166174585903215	1.2597425517857457	0.30309603704823596
0.5724679946541401	1.1848101539312967	0.3649501781365259
0.6283185307179586	1.1197289265293617	0.43002836689006124
0.6841690667817771	1.0603107731090395	0.4975205565940557
0.7400196028455958	1.0036617288056673	0.5665866660926919
0.7958701389094143	0.9477586663851981	0.6363670420125598
0.8517206749732328	0.8911939713239595	0.7059931649220964
0.9075712110370513	0.833014638111184	0.7745984661013343
0.9634217471008699	0.7726166806562089	0.8413291202147694
1.0192722831646883	0.7096730512575915	0.9053546794758459
1.075122819228507	0.6440824141289623	0.9658784168608197
1.1309733552923256	0.5759311800397718	1.0221472495481196
1.186823891356144	0.5054641180015598	1.0734611189818617
1.2426744274199626	0.43306059146363346	1.1191817107198567
1.2985249634837812	0.3592145298041639	1.1587404054432409
1.3543754995475996	0.2845169180434723	1.1916453620744965
1.4102260356114182	0.20964002439606674	1.2174876447540457
1.4660765716752369	0.1353228767874054	1.2359463173283578
1.5219271077390553	0.062357699667646725	1.2467924418565082
1.5777776438028739	-0.004610114603705666	1.2498263003161687
1.6336281798666925	-0.056272853436291764	1.2448461366128032
1.689478715930511	-0.10763899772996706	1.2321168211634173
1.7453292519943295	-0.1598149612121652	1.2118205286657135
1.8011797880581482	-0.2122540682298934	1.184208241649451
1.8570303241219666	-0.2644490207598062	1.1496221334966397
1.9128808601857852	-0.3159415338664896	1.1084913159533147
1.9687313962496036	-0.3663326774771753	1.0613265033020765
2.0245819323134224	-0.4152941524744948	1.0087136595651096
2.0804324683772406	-0.4625808802202664	0.9513067077772285
2.1362830044410592	-0.5080455058085539	0.8898193920550845
2.192133540504878	-0.5516557482033095	0.8250163937465539
2.2479840765686965	-0.5935160449252439	0.7577038122418289
2.303834612632515	-0.6338957563051117	0.68871912894915
2.3596851486963333	-0.6732675309388343	0.6189207793845946
2.415535684760152	-0.712361689594196	0.5491774632165554
2.4713862208239705	-0.7522464260869262	0.480357325380461
2.527236756887789	-0.7944507851354564	0.41331714299696015
2.5830872929516078	-0.8411609847082478	0.34889165276698614
2.6389378290154264	-0.895547881091937	0.28788315178036095
2.6947883650792446	-0.962341301288221	0.23105150128239782
2.750638901143063	-1.0488995809452974	0.17910465793737107
2.806489437206882	-1.1581872631012904	0.13268985057092475
2.8623399732707004	-1.1299272727272722	0.09238551234692546
2.918190509334519	-0.9039418181818174	0.05869406893777162
2.9740410453983377	-0.6779563636363626	0.03203567259753702
3.029891581462156	-0.45197090909090964	0.012742960277054306
3.0857421175259745	-0.22598545454545482	0.0010808880246802523
3.141592653589793	0.0	0.00010000000000000005
